Date,Category,Product,START_OF_DAY_WHOLE,MADE_TODAY_WHOLE,AVAILABLE_TO_SELL_WHOLE,OUT_THE_DOOR_WHOLE,ORDERS_TODAY_WHOLE,REMOVED_AS_DAY_OLD_WHOLE,LEFT_WHOLE,START_OF_DAY_HALF,MADE_TODAY_HALF,AVAILABLE_TO_SELL_HALF,OUT_THE_DOOR_HALF,ORDERS_TODAY_HALF,REMOVED_AS_DAY_OLD_HALF,LEFT_HALF
2020-09-01,BREAD,H,23,20,43,18,0,0,25,0,0,0,0,0,0,0
2020-09-01,BREAD,FR,10,0,10,-15,0,0,25,0,0,0,0,0,0,0
2020-09-01,BREAD,GW,7,7,14,4,0,0,10,0,0,0,0,0,0,0
2020-09-01,BREAD,DK,0,0,0,0,0,0,0,0,0,0,0,0,0,0
2020-09-01,BREAD,H5|Cran,0,0,0,0,0,0,0,0,0,0,0,0,0,0
2020-09-01,BREAD,CSRWL,2,16,18,7,0,0,11,1,2,3,0,0,0,3
2020-09-01,BREAD,ACW,0,11,11,1,0,0,10,0,3,3,1,0,0,2
2020-09-01,BREAD,ACW SW,0,6,6,1,0,0,5,0,0,0,0,0,0,0
2020-09-01,BREAD,CNE,14,0,14,9,0,5,0,2,0,2,1,0,0,0
2020-09-01,BREAD,CNR,2,0,2,2,0,0,0,0,0,0,0,0,0,0
2020-09-01,BREAD,CNW,0,0,0,0,0,0,0,0,0,0,0,0,0,0
2020-09-01,BREAD,CG,3,0,3,2,0,1,0,1,0,1,1,0,0,0
2020-09-01,BREAD,pesto CG,0,0,0,0,0,0,0,0,0,0,0,0,0,0
2020-09-01,BREAD,vegan w,0,13,13,11,2,0,0,0,0,0,0,0,0,0
2020-09-01,BREAD,VS,0,12,12,2,0,0,10,0,2,2,2,0,0,0
2020-09-01,BREAD,SOURDOUGH,0,19,19,5,10,0,4,0,0,0,0,0,0,0
2020-09-01,BREAD,RG SOUR,3,0,3,3,0,0,0,0,0,0,0,0,0,0
2020-09-01,BREAD,CH,0,0,0,0,0,0,0,0,0,0,0,0,0,0
2020-09-01,BREAD,CH-Raisin,0,0,0,0,0,0,0,0,0,0,0,0,0,0
2020-09-01,BREAD,9G,0,22,22,6,0,0,16,0,0,0,0,0,0,0
2020-09-01,BREAD,9G-Blue,0,0,0,0,0,0,0,0,0,0,0,0,0,0
2020-09-01,BREAD,CAR,0,0,0,0,0,0,0,0,0,0,0,0,0,0
2020-09-01,BREAD,IHF,0,0,0,0,0,0,0,0,0,0,0,0,0,0
2020-09-01,BREAD,VS BUNS,0,3,3,0,1,0,2,0,0,0,0,0,0,0
2020-09-01,BREAD,GW BUNS,2,0,2,-1,1,2,0,0,0,0,0,0,0,0
2020-09-01,BREAD,H-RLS,2,0,2,0,0,2,0,0,0,0,0,0,0,0
2020-09-01,BREAD,FR-RLS,1,0,1,1,0,0,0,0,0,0,0,0,0,0
2020-09-01,BREAD,VS-RLS,0,6,6,2,0,0,4,0,0,0,0,0,0,0
2020-09-01,BREAD,Blue Stru,2,4,6,2,0,1,3,0,0,0,0,0,0,0
2020-09-01,BREAD,Choc Carm,2,3,5,1,0,1,3,0,0,0,0,0,0,0
2020-09-01,BREAD,Apple CR,2,3,5,1,0,1,3,0,0,0,0,0,0,0
2020-09-01,ROLLS,Cinnamon,0,48,48,48,0,0,0,0,0,0,0,0,0,0
2020-09-01,ROLLS,Mini C-Roll,0,0,0,0,0,0,0,0,0,0,0,0,0,0
2020-09-01,SCONES,Blueberry,0,18,18,15,0,3,0,0,0,0,0,0,0,0
2020-09-01,SCONES,Rasp Cream,0,0,0,0,0,0,0,0,0,0,0,0,0,0
2020-09-01,SCONES,Cherry,0,0,0,0,0,0,0,0,0,0,0,0,0,0
2020-09-01,SCONES,Butt Almond,0,0,0,0,0,0,0,0,0,0,0,0,0,0
2020-09-01,SCONES,Turtle,0,0,0,0,0,0,0,0,0,0,0,0,0,0
2020-09-01,SCONES,Cin Chip,0,15,15,15,0,0,0,0,0,0,0,0,0,0
2020-09-01,FRUIT BARS,Mixed Berry,0,10,10,10,0,0,0,0,0,0,0,0,0,0
2020-09-01,FRUIT BARS,Cherry,0,10,10,10,0,0,0,0,0,0,0,0,0,0
2020-09-01,FRUIT BARS,Apple Cin,0,0,0,0,0,0,0,0,0,0,0,0,0,0
2020-09-01,FRUIT BARS,Straw Rhub,0,0,0,0,0,0,0,0,0,0,0,0,0,0
2020-09-01,MUFFINS,Blue Stru,0,7,7,4,0,3,0,0,0,0,0,0,0,0
2020-09-01,MUFFINS,Choc Carm,0,5,5,4,0,1,0,0,0,0,0,0,0,0
2020-09-01,MUFFINS,Apple Crunch,0,5,5,3,0,2,0,0,0,0,0,0,0,0
2020-09-01,MUFFINS,Cookies,0,0,0,0,0,0,0,0,0,0,0,0,0,0
2020-09-01,MUFFINS,Bars,0,0,0,0,0,0,0,0,0,0,0,0,0,0
2020-09-01,MUFFINS,oatmeal choc,6,18,24,6,0,3,15,0,0,0,0,0,0,0
2020-09-01,MUFFINS,triple choc,5,18,23,5,0,1,17,0,0,0,0,0,0,0
2020-09-01,MUFFINS,snickerdoodle,0,24,24,4,0,0,20,0,0,0,0,0,0,0
2020-09-01,MUFFINS,Autumn Rais,10,6,16,1,0,10,5,0,0,0,0,0,0,0
2020-09-01,MUFFINS,frosted sugar,12,12,24,7,0,0,17,0,0,0,0,0,0,0
2020-09-01,MUFFINS,Cashew Crunch,4,4,8,4,0,4,0,0,0,0,0,0,0,0
2020-09-01,MUFFINS,brownie,4,4,8,4,0,0,4,0,0,0,0,0,0,0
2020-09-01,MUFFINS,Bread Pudding,0,0,0,0,0,0,0,0,0,0,0,0,0,0
2020-09-01,MUFFINS,Totals,41,204,245,140,0,27,78,0,0,0,0,0,0,0
2020-09-02,BREAD,H,25,25,50,21,0,3,26,0,0,0,0,0,0,0
2020-09-02,BREAD,FR,25,17,42,11,0,0,31,0,0,0,0,0,0,0
2020-09-02,BREAD,GW,10,14,24,16,0,0,8,0,0,0,0,0,0,0
2020-09-02,BREAD,DK,0,38,38,22,1,0,15,0,0,0,0,0,0,0
2020-09-02,BREAD,H5|Cran,0,0,0,0,0,0,0,0,0,0,0,0,0,0
2020-09-02,BREAD,CSRWL,11,12,23,14,0,2,7,3,2,5,3,0,0,0
2020-09-02,BREAD,ACW,10,0,10,4,0,6,0,2,0,2,2,0,0,0
2020-09-02,BREAD,ACW SW,5,0,5,1,0,4,0,0,0,0,0,0,0,0
2020-09-02,BREAD,CNE,0,22,22,7,0,0,15,0,3,3,2,0,0,1
2020-09-02,BREAD,CNR,0,10,10,8,0,0,2,0,0,0,0,0,0,0
2020-09-02,BREAD,CNW,0,10,10,3,0,0,7,0,0,0,0,0,0,0
2020-09-02,BREAD,CG,0,9,9,2,0,0,7,0,3,3,3,0,0,0
2020-09-02,BREAD,pesto CG,0,8,8,6,0,0,2,0,0,0,0,0,0,0
2020-09-02,BREAD,VS,10,0,10,6,0,4,0,0,0,0,0,0,0,0
2020-09-02,BREAD,SOURDOUGH,4,19,23,11,0,3,9,0,0,0,0,0,0,0
2020-09-02,BREAD,RG SOUR,0,5,5,3,0,0,2,0,0,0,0,0,0,0
2020-09-02,BREAD,CH,0,0,0,0,0,0,0,0,0,0,0,0,0,0
2020-09-02,BREAD,CH-Raisin,0,0,0,0,0,0,0,0,0,0,0,0,0,0
2020-09-02,BREAD,9G,16,0,16,-3,0,0,19,0,0,0,0,0,0,0
2020-09-02,BREAD,9G-Blue,0,0,0,0,0,0,0,0,0,0,0,0,0,0
2020-09-02,BREAD,CAR,0,0,0,0,0,0,0,0,0,0,0,0,0,0
2020-09-02,BREAD,IHF,0,0,0,0,0,0,0,0,0,0,0,0,0,0
2020-09-02,BREAD,VS BUNS,2,0,2,1,0,1,0,0,0,0,0,0,0,0
2020-09-02,BREAD,GW BUNS,0,3,3,3,0,0,0,0,0,0,0,0,0,0
2020-09-02,BREAD,H-RLS,0,4,4,2,0,0,2,0,0,0,0,0,0,0
2020-09-02,BREAD,FR-RLS,0,0,0,0,0,0,0,0,0,0,0,0,0,0
2020-09-02,BREAD,VS-RLS,4,0,4,2,0,2,0,0,0,0,0,0,0,0
2020-09-02,BREAD,Blue Stru,3,5,8,3,0,2,3,0,0,0,0,0,0,0
2020-09-02,BREAD,Choc Carm,3,3,6,1,0,2,3,0,0,0,0,0,0,0
2020-09-02,BREAD,Apple CR,3,3,6,4,0,0,2,0,0,0,0,0,0,0
2020-09-02,ROLLS,Cinnamon,0,120,120,114,0,6,0,0,0,0,0,0,0,0
2020-09-02,ROLLS,Mini C-Roll,0,0,0,0,0,0,0,0,0,0,0,0,0,0
2020-09-02,SCONES,Blueberry,0,0,0,0,0,0,0,0,0,0,0,0,0,0
2020-09-02,SCONES,Rasp Cream,0,35,35,29,4,2,0,0,0,0,0,0,0,0
2020-09-02,SCONES,Cherry,0,0,0,0,0,0,0,0,0,0,0,0,0,0
2020-09-02,SCONES,Butt Almond,0,0,0,0,0,0,0,0,0,0,0,0,0,0
2020-09-02,SCONES,Turtle,0,23,23,21,0,2,0,0,0,0,0,0,0,0
2020-09-02,SCONES,Cin Chip,0,0,0,0,0,0,0,0,0,0,0,0,0,0
2020-09-02,FRUIT BARS,Mixed Berry,0,10,10,10,0,0,0,0,0,0,0,0,0,0
2020-09-02,FRUIT BARS,Cherry,0,10,10,6,0,4,0,0,0,0,0,0,0,0
2020-09-02,FRUIT BARS,Apple Cin,0,0,0,0,0,0,0,0,0,0,0,0,0,0
2020-09-02,FRUIT BARS,Straw Rhub,0,0,0,0,0,0,0,0,0,0,0,0,0,0
2020-09-02,MUFFINS,Blue Stru,0,12,12,7,0,5,0,0,0,0,0,0,0,0
2020-09-02,MUFFINS,Choc Carm,0,11,11,10,0,1,0,0,0,0,0,0,0,0
2020-09-02,MUFFINS,Apple Crunch,0,9,9,4,0,5,0,0,0,0,0,0,0,0
2020-09-02,MUFFINS,Cookies,0,0,0,0,0,0,0,0,0,0,0,0,0,0
2020-09-02,MUFFINS,Bars,0,0,0,0,0,0,0,0,0,0,0,0,0,0
2020-09-02,MUFFINS,oatmeal choc,15,18,33,28,0,0,5,0,0,0,0,0,0,0
2020-09-02,MUFFINS,triple choc,17,24,41,35,0,0,6,0,0,0,0,0,0,0
2020-09-02,MUFFINS,snickerdoodle,20,18,38,21,0,12,5,0,0,0,0,0,0,0
2020-09-02,MUFFINS,Autumn Rais,5,24,29,10,0,2,17,0,0,0,0,0,0,0
2020-09-02,MUFFINS,frosted sugar,17,6,23,13,0,4,6,0,0,0,0,0,0,0
2020-09-02,MUFFINS,Cashew Crunch,0,22,22,10,0,0,12,0,0,0,0,0,0,0
2020-09-02,MUFFINS,brownie,4,18,22,7,0,0,15,0,0,0,0,0,0,0
2020-09-02,MUFFINS,Bread Pudding,0,0,0,0,0,0,0,0,0,0,0,0,0,0
2020-09-02,MUFFINS,Totals,78,360,438,325,4,43,66,0,0,0,0,0,0,0
2020-09-03,BREAD,H,26,19,45,22,0,4,19,0,0,0,0,0,0,0
2020-09-03,BREAD,FR,31,13,44,20,20,0,4,0,0,0,0,0,0,0
2020-09-03,BREAD,GW,8,2,10,2,0,6,2,0,0,0,0,0,0,0
2020-09-03,BREAD,DK,15,0,15,5,0,0,10,0,0,0,0,0,0,0
2020-09-03,BREAD,H5|Cran,0,20,20,13,0,0,7,0,8,8,7,0,0,1
2020-09-03,BREAD,CSRWL,7,8,15,15,0,0,0,0,3,3,2,0,0,1
2020-09-03,BREAD,ACW,0,18,18,6,0,0,12,0,2,2,0,0,0,2
2020-09-03,BREAD,ACW SW,0,8,8,2,0,0,6,0,0,0,0,0,0,0
2020-09-03,BREAD,CNE,15,0,15,11,0,4,0,1,0,1,1,0,0,0
2020-09-03,BREAD,CNR,2,0,2,-4,0,6,0,0,0,0,0,0,0,0
2020-09-03,BREAD,CNW,7,0,7,5,0,2,0,0,0,0,0,0,0,0
2020-09-03,BREAD,CG,7,0,7,7,0,0,0,0,0,0,0,0,0,0
2020-09-03,BREAD,pesto CG,2,0,2,2,0,0,0,0,0,0,0,0,0,0
2020-09-03,BREAD,VS,0,17,17,7,0,0,10,0,2,2,2,0,0,0
2020-09-03,BREAD,SOURDOUGH,9,0,9,7,0,2,0,0,0,0,0,0,0,0
2020-09-03,BREAD,RG SOUR,2,0,2,2,0,0,0,0,0,0,0,0,0,0
2020-09-03,BREAD,CH,0,12,12,4,0,0,8,0,3,3,1,0,0,2
2020-09-03,BREAD,CH-Raisin,0,0,0,0,0,0,0,0,0,0,0,0,0,0
2020-09-03,BREAD,9G,19,0,19,7,1,11,0,0,0,0,0,0,0,0
2020-09-03,BREAD,9G-Blue,0,0,0,0,0,0,0,0,0,0,0,0,0,0
2020-09-03,BREAD,CAR,0,0,0,0,0,0,0,0,0,0,0,0,0,0
2020-09-03,BREAD,IHF,0,0,0,0,0,0,0,0,0,0,0,0,0,0
2020-09-03,BREAD,VS BUNS,0,0,0,-3,1,0,2,0,0,0,0,0,0,0
2020-09-03,BREAD,GW BUNS,0,0,0,-2,1,0,1,0,0,0,0,0,0,0
2020-09-03,BREAD,H-RLS,2,0,2,1,0,1,0,0,0,0,0,0,0,0
2020-09-03,BREAD,FR-RLS,0,4,4,1,0,0,3,0,0,0,0,0,0,0
2020-09-03,BREAD,VS-RLS,0,6,6,2,0,0,4,0,0,0,0,0,0,0
2020-09-03,BREAD,Blue Stru,3,3,6,4,0,1,1,0,0,0,0,0,0,0
2020-09-03,BREAD,Choc Carm,3,4,7,2,1,2,2,0,0,0,0,0,0,0
2020-09-03,BREAD,Apple CR,2,3,5,2,0,1,2,0,0,0,0,0,0,0
2020-09-03,ROLLS,Cinnamon,0,48,48,34,0,14,0,0,0,0,0,0,0,0
2020-09-03,ROLLS,Mini C-Roll,0,0,0,0,0,0,0,0,0,0,0,0,0,0
2020-09-03,SCONES,Blueberry,0,24,24,18,0,6,0,0,2,2,0,0,0,0
2020-09-03,SCONES,Rasp Cream,0,0,0,0,0,0,0,0,0,0,0,0,0,0
2020-09-03,SCONES,Cherry,0,0,0,0,0,0,0,0,0,0,0,0,0,0
2020-09-03,SCONES,Butt Almond,0,0,0,0,0,0,0,0,0,0,0,0,0,0
2020-09-03,SCONES,Turtle,0,12,12,12,0,0,0,0,2,2,0,0,0,0
2020-09-03,SCONES,Cin Chip,0,0,0,0,0,0,0,0,0,0,0,0,0,0
2020-09-03,FRUIT BARS,Mixed Berry,0,0,0,0,0,0,0,0,0,0,0,0,0,0
2020-09-03,FRUIT BARS,Cherry,0,0,0,0,0,0,0,0,0,0,0,0,0,0
2020-09-03,FRUIT BARS,Apple Cin,0,10,10,6,1,3,0,0,0,0,0,0,0,0
2020-09-03,FRUIT BARS,Straw Rhub,0,10,10,7,1,2,0,0,0,0,0,0,0,0
2020-09-03,MUFFINS,Blue Stru,0,7,7,6,0,1,0,0,0,0,-2,0,0,0
2020-09-03,MUFFINS,Choc Carm,0,6,6,5,0,1,0,0,0,0,0,0,0,0
2020-09-03,MUFFINS,Apple Crunch,0,6,6,6,0,0,0,0,0,0,-2,0,0,0
2020-09-03,MUFFINS,Cookies,0,0,0,0,0,0,0,0,0,0,0,0,0,0
2020-09-03,MUFFINS,Bars,0,0,0,0,0,0,0,0,0,0,0,0,0,0
2020-09-03,MUFFINS,oatmeal choc,5,18,23,14,0,3,6,0,0,0,0,0,0,0
2020-09-03,MUFFINS,triple choc,6,18,24,17,0,0,7,0,0,0,0,0,0,0
2020-09-03,MUFFINS,snickerdoodle,5,18,23,23,0,0,0,0,0,0,0,0,0,0
2020-09-03,MUFFINS,Autumn Rais,17,0,17,10,0,7,0,0,0,0,0,0,0,0
2020-09-03,MUFFINS,frosted sugar,6,24,30,8,0,1,21,0,0,0,0,0,0,0
2020-09-03,MUFFINS,Cashew Crunch,12,0,12,4,0,8,0,0,0,0,0,0,0,0
2020-09-03,MUFFINS,brownie,15,0,15,7,0,8,0,0,0,0,0,0,0,0
2020-09-03,MUFFINS,Bread Pudding,0,0,0,0,0,0,0,0,0,0,0,0,0,0
2020-09-03,MUFFINS,Totals,66,201,267,177,2,54,34,0,4,4,-4,0,0,0
2020-09-04,BREAD,H,19,36,55,29,0,0,26,0,0,0,0,0,0,0
2020-09-04,BREAD,FR,4,60,64,23,16,0,25,0,0,0,0,0,0,0
2020-09-04,BREAD,GW,2,5,7,7,0,0,0,0,0,0,0,0,0,0
2020-09-04,BREAD,DK,10,18,28,16,0,0,12,0,0,0,0,0,0,0
2020-09-04,BREAD,H5|Cran,7,0,7,5,0,0,2,1,0,1,-1,0,0,2
2020-09-04,BREAD,CSRWL,0,32,32,21,0,0,11,1,5,6,4,0,0,2
2020-09-04,BREAD,ACW,12,0,12,9,0,0,3,2,0,2,2,0,0,0
2020-09-04,BREAD,ACW SW,6,0,6,3,0,0,3,0,0,0,0,0,0,0
2020-09-04,BREAD,CNE,0,29,29,18,0,0,11,0,4,4,2,0,0,2
2020-09-04,BREAD,CNR,0,10,10,8,0,0,2,0,0,0,0,0,0,0
2020-09-04,BREAD,CNW,0,9,9,5,0,0,4,0,0,0,0,0,0,0
2020-09-04,BREAD,CG,0,16,16,10,0,0,6,0,5,5,5,0,0,0
2020-09-04,BREAD,pesto CG,0,9,9,6,0,0,3,0,0,0,0,0,0,0
2020-09-04,BREAD,VS,10,0,10,9,0,0,1,0,0,0,0,0,0,0
2020-09-04,BREAD,SOURDOUGH,0,14,14,11,0,0,3,0,0,0,0,0,0,0
2020-09-04,BREAD,RG SOUR,0,10,10,6,0,0,4,0,0,0,0,0,0,0
2020-09-04,BREAD,CH,8,0,8,5,0,0,3,2,0,2,1,0,0,1
2020-09-04,BREAD,CH-Raisin,0,0,0,0,0,0,0,0,0,0,0,0,0,0
2020-09-04,BREAD,9G,0,16,16,14,1,0,1,0,0,0,0,0,0,0
2020-09-04,BREAD,9G-Blue,0,0,0,0,0,0,0,0,0,0,0,0,0,0
2020-09-04,BREAD,CAR,0,0,0,0,0,0,0,0,0,0,0,0,0,0
2020-09-04,BREAD,IHF,0,0,0,0,0,0,0,0,0,0,0,0,0,0
2020-09-04,BREAD,VS BUNS,2,0,2,1,0,0,1,0,0,0,0,0,0,0
2020-09-04,BREAD,GW BUNS,1,4,5,4,0,0,1,0,0,0,0,0,0,0
2020-09-04,BREAD,H-RLS,0,5,5,3,0,0,2,0,0,0,0,0,0,0
2020-09-04,BREAD,FR-RLS,3,6,9,3,0,2,4,0,0,0,0,0,0,0
2020-09-04,BREAD,VS-RLS,4,0,4,2,0,0,2,0,0,0,0,0,0,0
2020-09-04,BREAD,Blue Stru,1,8,9,5,0,0,4,0,0,0,0,0,0,0
2020-09-04,BREAD,Choc Carm,2,6,8,3,0,1,4,0,0,0,0,0,0,0
2020-09-04,BREAD,Apple CR,2,6,8,3,0,1,4,0,0,0,0,0,0,0
2020-09-04,ROLLS,Cinnamon,0,108,108,88,20,0,0,0,0,0,0,0,0,0
2020-09-04,ROLLS,Mini C-Roll,0,0,0,0,0,0,0,0,0,0,0,0,0,0
2020-09-04,SCONES,Blueberry,0,0,0,0,0,0,0,0,0,0,0,0,0,0
2020-09-04,SCONES,Rasp Cream,0,0,0,0,0,0,0,0,0,0,0,0,0,0
2020-09-04,SCONES,Cherry,0,22,22,13,0,9,0,0,0,0,0,0,0,0
2020-09-04,SCONES,Butt Almond,0,22,22,18,4,0,0,0,0,0,0,0,0,0
2020-09-04,SCONES,Turtle,0,0,0,0,0,0,0,0,0,0,0,0,0,0
2020-09-04,SCONES,Cin Chip,0,0,0,0,0,0,0,0,0,0,0,0,0,0
2020-09-04,FRUIT BARS,Mixed Berry,0,10,10,10,0,0,0,0,0,0,0,0,0,0
2020-09-04,FRUIT BARS,Cherry,0,10,10,10,0,0,0,0,0,0,0,0,0,0
2020-09-04,FRUIT BARS,Apple Cin,0,0,0,0,0,0,0,0,0,0,0,0,0,0
2020-09-04,FRUIT BARS,Straw Rhub,0,0,0,0,0,0,0,0,0,0,0,0,0,0
2020-09-04,MUFFINS,Blue Stru,0,8,8,1,0,7,0,0,0,0,0,0,0,0
2020-09-04,MUFFINS,Choc Carm,0,6,6,0,0,6,0,0,0,0,0,0,0,0
2020-09-04,MUFFINS,Apple Crunch,0,4,4,2,0,2,0,0,0,0,0,0,0,0
2020-09-04,MUFFINS,Cookies,0,0,0,0,0,0,0,0,0,0,0,0,0,0
2020-09-04,MUFFINS,Bars,0,0,0,0,0,0,0,0,0,0,0,0,0,0
2020-09-04,MUFFINS,oatmeal choc,6,42,48,24,0,1,23,0,52,52,0,0,0,0
2020-09-04,MUFFINS,triple choc,7,42,49,31,0,0,18,0,52,52,0,0,0,0
2020-09-04,MUFFINS,snickerdoodle,0,48,48,44,0,0,4,0,52,52,0,0,0,0
2020-09-04,MUFFINS,Autumn Rais,0,36,36,28,0,2,6,0,0,0,0,0,0,0
2020-09-04,MUFFINS,frosted sugar,21,12,33,26,0,0,7,0,0,0,0,0,0,0
2020-09-04,MUFFINS,Cashew Crunch,0,22,22,20,0,0,2,0,0,0,0,0,0,0
2020-09-04,MUFFINS,brownie,0,30,30,23,0,0,7,0,0,0,0,0,0,0
2020-09-04,MUFFINS,Bread Pudding,0,0,0,0,0,0,0,0,0,0,0,0,0,0
2020-09-04,MUFFINS,Totals,34,422,456,338,24,27,67,0,156,156,0,0,0,0
2020-09-05,BREAD,H,26,0,26,10,0,16,0,0,0,0,0,0,0,0
2020-09-05,BREAD,FR,25,0,25,25,0,0,0,0,0,0,0,0,0,0
2020-09-05,BREAD,GW,0,2,2,2,0,0,0,0,0,0,0,0,0,0
2020-09-05,BREAD,DK,12,0,12,6,0,6,0,0,0,0,0,0,0,0
2020-09-05,BREAD,H5|Cran,2,0,2,2,0,0,0,2,0,2,2,0,0,0
2020-09-05,BREAD,CSRWL,11,0,11,11,0,0,0,2,0,2,2,0,0,0
2020-09-05,BREAD,ACW,3,0,3,-1,0,4,0,0,0,0,0,0,0,0
2020-09-05,BREAD,ACW SW,3,0,3,2,0,1,0,0,0,0,0,0,0,0
2020-09-05,BREAD,CNE,11,0,11,11,0,0,0,2,0,2,2,0,0,0
2020-09-05,BREAD,CNR,2,0,2,2,0,0,0,0,0,0,0,0,0,0
2020-09-05,BREAD,CNW,4,0,4,4,0,0,0,0,0,0,0,0,0,0
2020-09-05,BREAD,CG,6,0,6,6,0,0,0,0,0,0,0,0,0,0
2020-09-05,BREAD,pesto CG,3,0,3,3,0,0,0,0,0,0,0,0,0,0
2020-09-05,BREAD,VS,1,0,1,1,0,0,0,0,0,0,0,0,0,0
2020-09-05,BREAD,SOURDOUGH,3,0,3,3,0,0,0,0,0,0,0,0,0,0
2020-09-05,BREAD,RG SOUR,4,0,4,1,0,3,0,0,0,0,0,0,0,0
2020-09-05,BREAD,CH,3,0,3,3,0,0,0,1,0,1,1,0,0,0
2020-09-05,BREAD,CH-Raisin,0,0,0,0,0,0,0,0,0,0,0,0,0,0
2020-09-05,BREAD,9G,3,0,3,0,0,3,0,0,0,0,0,0,0,0
2020-09-05,BREAD,9G-Blue,0,0,0,0,0,0,0,0,0,0,0,0,0,0
2020-09-05,BREAD,CAR,0,16,16,16,0,0,0,0,0,0,0,0,0,0
2020-09-05,BREAD,IHF,0,0,0,0,0,0,0,0,0,0,0,0,0,0
2020-09-05,BREAD,VS BUNS,1,0,1,0,0,1,0,0,0,0,0,0,0,0
2020-09-05,BREAD,GW BUNS,1,2,3,-3,0,6,0,0,0,0,0,0,0,0
2020-09-05,BREAD,H-RLS,2,0,2,1,0,1,0,0,0,0,0,0,0,0
2020-09-05,BREAD,FR-RLS,4,0,4,2,0,2,0,0,0,0,0,0,0,0
2020-09-05,BREAD,VS-RLS,2,0,2,2,0,0,0,0,0,0,0,0,0,0
2020-09-05,BREAD,Blue Stru,4,0,4,3,0,1,0,0,0,0,0,0,0,0
2020-09-05,BREAD,Choc Carm,4,0,4,4,0,0,0,0,0,0,0,0,0,0
2020-09-05,BREAD,Apple CR,4,0,4,2,0,2,0,0,0,0,0,0,0,0
2020-09-05,ROLLS,Cinnamon,0,192,192,192,0,0,0,0,0,0,0,0,0,0
2020-09-05,ROLLS,Mini C-Roll,0,0,0,0,0,0,0,0,0,0,0,0,0,0
2020-09-05,SCONES,Blueberry,0,36,36,30,6,0,0,0,0,0,0,0,0,0
2020-09-05,SCONES,Rasp Cream,0,0,0,0,0,0,0,0,0,0,0,0,0,0
2020-09-05,SCONES,Cherry,0,0,0,0,0,0,0,0,0,0,0,0,0,0
2020-09-05,SCONES,Butt Almond,0,30,30,30,0,0,0,0,0,0,0,0,0,0
2020-09-05,SCONES,Turtle,0,0,0,0,0,0,0,0,0,0,0,0,0,0
2020-09-05,SCONES,Cin Chip,0,0,0,0,0,0,0,0,0,0,0,0,0,0
2020-09-05,FRUIT BARS,Mixed Berry,0,10,10,7,0,3,0,0,0,0,0,0,0,0
2020-09-05,FRUIT BARS,Cherry,0,10,10,7,0,3,0,0,0,0,0,0,0,0
2020-09-05,FRUIT BARS,Apple Cin,0,0,0,0,0,0,0,0,0,0,0,0,0,0
2020-09-05,FRUIT BARS,Straw Rhub,0,0,0,0,0,0,0,0,0,0,0,0,0,0
2020-09-05,MUFFINS,Blue Stru,0,16,16,16,0,0,0,0,0,0,0,0,0,0
2020-09-05,MUFFINS,Choc Carm,0,16,16,16,0,0,0,0,0,0,0,0,0,0
2020-09-05,MUFFINS,Apple Crunch,0,12,12,11,0,1,0,0,0,0,0,0,0,0
2020-09-05,MUFFINS,Cookies,0,0,0,0,0,0,0,0,0,0,0,0,0,0
2020-09-05,MUFFINS,Bars,0,0,0,0,0,0,0,0,0,0,0,0,0,0
2020-09-05,MUFFINS,oatmeal choc,23,0,23,10,0,13,0,0,0,0,0,0,0,0
2020-09-05,MUFFINS,triple choc,18,0,18,14,0,4,0,0,0,0,0,0,0,0
2020-09-05,MUFFINS,snickerdoodle,4,6,10,10,0,0,0,0,0,0,0,0,0,0
2020-09-05,MUFFINS,Autumn Rais,6,0,6,-23,0,29,0,0,0,0,0,0,0,0
2020-09-05,MUFFINS,frosted sugar,7,0,7,-4,0,11,0,0,0,0,0,0,0,0
2020-09-05,MUFFINS,Cashew Crunch,2,0,2,1,0,1,0,0,0,0,0,0,0,0
2020-09-05,MUFFINS,brownie,7,0,7,2,0,5,0,0,0,0,0,0,0,0
2020-09-05,MUFFINS,Bread Pudding,0,0,0,0,0,0,0,0,0,0,0,0,0,0
2020-09-05,MUFFINS,Totals,67,328,395,319,6,70,0,0,0,0,0,0,0,0
2020-09-06,BREAD,H,0,0,0,0,0,0,0,0,0,0,0,0,0,0
2020-09-06,BREAD,FR,0,0,0,0,0,0,0,0,0,0,0,0,0,0
2020-09-06,BREAD,GW,0,0,0,0,0,0,0,0,0,0,0,0,0,0
2020-09-06,BREAD,DK,0,0,0,0,0,0,0,0,0,0,0,0,0,0
2020-09-06,BREAD,H5|Cran,0,0,0,0,0,0,0,0,0,0,0,0,0,0
2020-09-06,BREAD,CSRWL,0,0,0,0,0,0,0,0,0,0,0,0,0,0
2020-09-06,BREAD,ACW,0,0,0,0,0,0,0,0,0,0,0,0,0,0
2020-09-06,BREAD,ACW SW,0,0,0,0,0,0,0,0,0,0,0,0,0,0
2020-09-06,BREAD,CNE,0,0,0,0,0,0,0,0,0,0,0,0,0,0
2020-09-06,BREAD,CNR,0,0,0,0,0,0,0,0,0,0,0,0,0,0
2020-09-06,BREAD,CNW,0,0,0,0,0,0,0,0,0,0,0,0,0,0
2020-09-06,BREAD,CG,0,0,0,0,0,0,0,0,0,0,0,0,0,0
2020-09-06,BREAD,pesto CG,0,0,0,0,0,0,0,0,0,0,0,0,0,0
2020-09-06,BREAD,VS,0,0,0,0,0,0,0,0,0,0,0,0,0,0
2020-09-06,BREAD,SOURDOUGH,0,0,0,0,0,0,0,0,0,0,0,0,0,0
2020-09-06,BREAD,RG SOUR,0,0,0,0,0,0,0,0,0,0,0,0,0,0
2020-09-06,BREAD,CH,0,0,0,0,0,0,0,0,0,0,0,0,0,0
2020-09-06,BREAD,CH-Raisin,0,0,0,0,0,0,0,0,0,0,0,0,0,0
2020-09-06,BREAD,9G,0,0,0,0,0,0,0,0,0,0,0,0,0,0
2020-09-06,BREAD,9G-Blue,0,0,0,0,0,0,0,0,0,0,0,0,0,0
2020-09-06,BREAD,CAR,0,0,0,0,0,0,0,0,0,0,0,0,0,0
2020-09-06,BREAD,IHF,0,0,0,0,0,0,0,0,0,0,0,0,0,0
2020-09-06,BREAD,VS BUNS,0,0,0,0,0,0,0,0,0,0,0,0,0,0
2020-09-06,BREAD,GW BUNS,0,0,0,0,0,0,0,0,0,0,0,0,0,0
2020-09-06,BREAD,H-RLS,0,0,0,0,0,0,0,0,0,0,0,0,0,0
2020-09-06,BREAD,FR-RLS,0,0,0,0,0,0,0,0,0,0,0,0,0,0
2020-09-06,BREAD,VS-RLS,0,0,0,0,0,0,0,0,0,0,0,0,0,0
2020-09-06,BREAD,Blue Stru,0,0,0,0,0,0,0,0,0,0,0,0,0,0
2020-09-06,BREAD,Choc Carm,0,0,0,0,0,0,0,0,0,0,0,0,0,0
2020-09-06,BREAD,Apple CR,0,0,0,0,0,0,0,0,0,0,0,0,0,0
2020-09-06,ROLLS,Cinnamon,0,0,0,0,0,0,0,0,0,0,0,0,0,0
2020-09-06,ROLLS,Mini C-Roll,0,0,0,0,0,0,0,0,0,0,0,0,0,0
2020-09-06,SCONES,Blueberry,0,0,0,0,0,0,0,0,0,0,0,0,0,0
2020-09-06,SCONES,Rasp Cream,0,0,0,0,0,0,0,0,0,0,0,0,0,0
2020-09-06,SCONES,Cherry,0,0,0,0,0,0,0,0,0,0,0,0,0,0
2020-09-06,SCONES,Butt Almond,0,0,0,0,0,0,0,0,0,0,0,0,0,0
2020-09-06,SCONES,Turtle,0,0,0,0,0,0,0,0,0,0,0,0,0,0
2020-09-06,SCONES,Cin Chip,0,0,0,0,0,0,0,0,0,0,0,0,0,0
2020-09-06,FRUIT BARS,Mixed Berry,0,0,0,0,0,0,0,0,0,0,0,0,0,0
2020-09-06,FRUIT BARS,Cherry,0,0,0,0,0,0,0,0,0,0,0,0,0,0
2020-09-06,FRUIT BARS,Apple Cin,0,0,0,0,0,0,0,0,0,0,0,0,0,0
2020-09-06,FRUIT BARS,Straw Rhub,0,0,0,0,0,0,0,0,0,0,0,0,0,0
2020-09-06,MUFFINS,Blue Stru,0,0,0,0,0,0,0,0,0,0,0,0,0,0
2020-09-06,MUFFINS,Choc Carm,0,0,0,0,0,0,0,0,0,0,0,0,0,0
2020-09-06,MUFFINS,Apple Crunch,0,0,0,0,0,0,0,0,0,0,0,0,0,0
2020-09-06,MUFFINS,Cookies,0,0,0,0,0,0,0,0,0,0,0,0,0,0
2020-09-06,MUFFINS,Bars,0,0,0,0,0,0,0,0,0,0,0,0,0,0
2020-09-06,MUFFINS,oatmeal choc,0,0,0,0,0,0,0,0,0,0,0,0,0,0
2020-09-06,MUFFINS,triple choc,0,0,0,0,0,0,0,0,0,0,0,0,0,0
2020-09-06,MUFFINS,snickerdoodle,0,0,0,0,0,0,0,0,0,0,0,0,0,0
2020-09-06,MUFFINS,Autumn Rais,0,0,0,0,0,0,0,0,0,0,0,0,0,0
2020-09-06,MUFFINS,frosted sugar,0,0,0,0,0,0,0,0,0,0,0,0,0,0
2020-09-06,MUFFINS,Cashew Crunch,0,0,0,0,0,0,0,0,0,0,0,0,0,0
2020-09-06,MUFFINS,brownie,0,0,0,0,0,0,0,0,0,0,0,0,0,0
2020-09-06,MUFFINS,Bread Pudding,0,0,0,0,0,0,0,0,0,0,0,0,0,0
2020-09-06,MUFFINS,Totals,0,0,0,0,0,0,0,0,0,0,0,0,0,0
2020-09-07,BREAD,H,0,0,0,0,0,0,0,0,0,0,0,0,0,0
2020-09-07,BREAD,FR,0,0,0,0,0,0,0,0,0,0,0,0,0,0
2020-09-07,BREAD,GW,0,0,0,0,0,0,0,0,0,0,0,0,0,0
2020-09-07,BREAD,DK,0,0,0,0,0,0,0,0,0,0,0,0,0,0
2020-09-07,BREAD,H5|Cran,0,0,0,0,0,0,0,0,0,0,0,0,0,0
2020-09-07,BREAD,CSRWL,0,0,0,0,0,0,0,0,0,0,0,0,0,0
2020-09-07,BREAD,ACW,0,0,0,0,0,0,0,0,0,0,0,0,0,0
2020-09-07,BREAD,ACW SW,0,0,0,0,0,0,0,0,0,0,0,0,0,0
2020-09-07,BREAD,CNE,0,0,0,0,0,0,0,0,0,0,0,0,0,0
2020-09-07,BREAD,CNR,0,0,0,0,0,0,0,0,0,0,0,0,0,0
2020-09-07,BREAD,CNW,0,0,0,0,0,0,0,0,0,0,0,0,0,0
2020-09-07,BREAD,CG,0,0,0,0,0,0,0,0,0,0,0,0,0,0
2020-09-07,BREAD,pesto CG,0,0,0,0,0,0,0,0,0,0,0,0,0,0
2020-09-07,BREAD,VS,0,0,0,0,0,0,0,0,0,0,0,0,0,0
2020-09-07,BREAD,SOURDOUGH,0,0,0,0,0,0,0,0,0,0,0,0,0,0
2020-09-07,BREAD,RG SOUR,0,0,0,0,0,0,0,0,0,0,0,0,0,0
2020-09-07,BREAD,CH,0,0,0,0,0,0,0,0,0,0,0,0,0,0
2020-09-07,BREAD,CH-Raisin,0,0,0,0,0,0,0,0,0,0,0,0,0,0
2020-09-07,BREAD,9G,0,0,0,0,0,0,0,0,0,0,0,0,0,0
2020-09-07,BREAD,9G-Blue,0,0,0,0,0,0,0,0,0,0,0,0,0,0
2020-09-07,BREAD,CAR,0,0,0,0,0,0,0,0,0,0,0,0,0,0
2020-09-07,BREAD,IHF,0,0,0,0,0,0,0,0,0,0,0,0,0,0
2020-09-07,BREAD,VS BUNS,0,0,0,0,0,0,0,0,0,0,0,0,0,0
2020-09-07,BREAD,GW BUNS,0,0,0,0,0,0,0,0,0,0,0,0,0,0
2020-09-07,BREAD,H-RLS,0,0,0,0,0,0,0,0,0,0,0,0,0,0
2020-09-07,BREAD,FR-RLS,0,0,0,0,0,0,0,0,0,0,0,0,0,0
2020-09-07,BREAD,VS-RLS,0,0,0,0,0,0,0,0,0,0,0,0,0,0
2020-09-07,BREAD,Blue Stru,0,0,0,0,0,0,0,0,0,0,0,0,0,0
2020-09-07,BREAD,Choc Carm,0,0,0,0,0,0,0,0,0,0,0,0,0,0
2020-09-07,BREAD,Apple CR,0,0,0,0,0,0,0,0,0,0,0,0,0,0
2020-09-07,ROLLS,Cinnamon,0,0,0,0,0,0,0,0,0,0,0,0,0,0
2020-09-07,ROLLS,Mini C-Roll,0,0,0,0,0,0,0,0,0,0,0,0,0,0
2020-09-07,SCONES,Blueberry,0,0,0,0,0,0,0,0,0,0,0,0,0,0
2020-09-07,SCONES,Rasp Cream,0,0,0,0,0,0,0,0,0,0,0,0,0,0
2020-09-07,SCONES,Cherry,0,0,0,0,0,0,0,0,0,0,0,0,0,0
2020-09-07,SCONES,Butt Almond,0,0,0,0,0,0,0,0,0,0,0,0,0,0
2020-09-07,SCONES,Turtle,0,0,0,0,0,0,0,0,0,0,0,0,0,0
2020-09-07,SCONES,Cin Chip,0,0,0,0,0,0,0,0,0,0,0,0,0,0
2020-09-07,FRUIT BARS,Mixed Berry,0,0,0,0,0,0,0,0,0,0,0,0,0,0
2020-09-07,FRUIT BARS,Cherry,0,0,0,0,0,0,0,0,0,0,0,0,0,0
2020-09-07,FRUIT BARS,Apple Cin,0,0,0,0,0,0,0,0,0,0,0,0,0,0
2020-09-07,FRUIT BARS,Straw Rhub,0,0,0,0,0,0,0,0,0,0,0,0,0,0
2020-09-07,MUFFINS,Blue Stru,0,0,0,0,0,0,0,0,0,0,0,0,0,0
2020-09-07,MUFFINS,Choc Carm,0,0,0,0,0,0,0,0,0,0,0,0,0,0
2020-09-07,MUFFINS,Apple Crunch,0,0,0,0,0,0,0,0,0,0,0,0,0,0
2020-09-07,MUFFINS,Cookies,0,0,0,0,0,0,0,0,0,0,0,0,0,0
2020-09-07,MUFFINS,Bars,0,0,0,0,0,0,0,0,0,0,0,0,0,0
2020-09-07,MUFFINS,oatmeal choc,0,0,0,0,0,0,0,0,0,0,0,0,0,0
2020-09-07,MUFFINS,triple choc,0,0,0,0,0,0,0,0,0,0,0,0,0,0
2020-09-07,MUFFINS,snickerdoodle,0,0,0,0,0,0,0,0,0,0,0,0,0,0
2020-09-07,MUFFINS,Autumn Rais,0,0,0,0,0,0,0,0,0,0,0,0,0,0
2020-09-07,MUFFINS,frosted sugar,0,0,0,0,0,0,0,0,0,0,0,0,0,0
2020-09-07,MUFFINS,Cashew Crunch,0,0,0,0,0,0,0,0,0,0,0,0,0,0
2020-09-07,MUFFINS,brownie,0,0,0,0,0,0,0,0,0,0,0,0,0,0
2020-09-07,MUFFINS,Bread Pudding,0,0,0,0,0,0,0,0,0,0,0,0,0,0
2020-09-07,MUFFINS,Totals,0,0,0,0,0,0,0,0,0,0,0,0,0,0
2020-09-08,BREAD,H,0,32,32,20,0,0,12,0,0,0,0,0,0,0
2020-09-08,BREAD,FR,0,52,52,16,24,0,12,0,0,0,0,0,0,0
2020-09-08,BREAD,GW,0,6,6,6,0,0,0,0,0,0,0,0,0,0
2020-09-08,BREAD,DK,0,0,0,0,0,0,0,0,0,0,0,0,0,0
2020-09-08,BREAD,H5|Cran,0,0,0,0,0,0,0,0,0,0,0,0,0,0
2020-09-08,BREAD,CSRWL,0,16,16,9,1,0,6,0,3,3,3,0,0,0
2020-09-08,BREAD,ACW,0,18,18,5,0,0,13,0,4,4,2,0,0,2
2020-09-08,BREAD,ACW SW,0,6,6,1,0,0,5,0,0,0,0,0,0,0
2020-09-08,BREAD,CNE,0,16,16,11,0,0,5,0,2,2,2,0,0,0
2020-09-08,BREAD,CNR,0,0,0,0,0,0,0,0,0,0,0,0,0,0
2020-09-08,BREAD,CNW,0,0,0,0,0,0,0,0,0,0,0,0,0,0
2020-09-08,BREAD,CG,0,0,0,0,0,0,0,0,0,0,0,0,0,0
2020-09-08,BREAD,pesto CG,0,0,0,0,0,0,0,0,0,0,0,0,0,0
2020-09-08,BREAD,VS,0,13,13,8,0,0,5,0,5,5,2,0,0,3
2020-09-08,BREAD,SOURDOUGH,0,22,22,19,0,0,3,0,0,0,0,0,0,0
2020-09-08,BREAD,RG SOUR,0,0,0,0,0,0,0,0,0,0,0,0,0,0
2020-09-08,BREAD,CH,0,0,0,0,0,0,0,0,0,0,0,0,0,0
2020-09-08,BREAD,CH-Raisin,0,0,0,0,0,0,0,0,0,0,0,0,0,0
2020-09-08,BREAD,9G,0,22,22,9,0,0,13,0,0,0,0,0,0,0
2020-09-08,BREAD,9G-Blue,0,0,0,0,0,0,0,0,0,0,0,0,0,0
2020-09-08,BREAD,CAR,0,0,0,0,0,0,0,0,0,0,0,0,0,0
2020-09-08,BREAD,IHF,0,0,0,0,0,0,0,0,0,0,0,0,0,0
2020-09-08,BREAD,VS BUNS,0,0,0,0,0,0,0,0,0,0,0,0,0,0
2020-09-08,BREAD,GW BUNS,0,0,0,0,0,0,0,0,0,0,0,0,0,0
2020-09-08,BREAD,H-RLS,0,3,3,1,0,0,2,0,0,0,0,0,0,0
2020-09-08,BREAD,FR-RLS,0,3,3,3,0,0,0,0,0,0,0,0,0,0
2020-09-08,BREAD,VS-RLS,0,6,6,2,0,0,4,0,0,0,0,0,0,0
2020-09-08,BREAD,Blue Stru,0,7,7,1,1,0,5,0,0,0,0,0,0,0
2020-09-08,BREAD,Choc Carm,0,6,6,1,1,0,4,0,0,0,0,0,0,0
2020-09-08,BREAD,Apple CR,0,5,5,0,0,0,5,0,0,0,0,0,0,0
2020-09-08,ROLLS,Cinnamon,0,48,48,26,2,20,0,0,0,0,0,0,0,0
2020-09-08,ROLLS,Mini C-Roll,0,0,0,0,0,0,0,0,0,0,0,0,0,0
2020-09-08,SCONES,Blueberry,0,19,19,14,4,1,0,0,0,0,0,0,0,0
2020-09-08,SCONES,Rasp Cream,0,0,0,0,0,0,0,0,0,0,0,0,0,0
2020-09-08,SCONES,Cherry,0,0,0,0,0,0,0,0,0,0,0,0,0,0
2020-09-08,SCONES,Butt Almond,0,0,0,0,0,0,0,0,0,0,0,0,0,0
2020-09-08,SCONES,Turtle,0,0,0,0,0,0,0,0,0,0,0,0,0,0
2020-09-08,SCONES,Cin Chip,0,15,15,11,4,0,0,0,0,0,0,0,0,0
2020-09-08,FRUIT BARS,Mixed Berry,0,10,10,7,0,3,0,0,0,0,0,0,0,0
2020-09-08,FRUIT BARS,Cherry,0,10,10,8,0,2,0,0,0,0,0,0,0,0
2020-09-08,FRUIT BARS,Apple Cin,0,0,0,0,0,0,0,0,0,0,0,0,0,0
2020-09-08,FRUIT BARS,Straw Rhub,0,0,0,0,0,0,0,0,0,0,0,0,0,0
2020-09-08,MUFFINS,Blue Stru,0,11,11,6,4,1,0,0,0,0,0,0,0,0
2020-09-08,MUFFINS,Choc Carm,0,9,9,5,4,0,0,0,0,0,0,0,0,0
2020-09-08,MUFFINS,Apple Crunch,0,5,5,5,0,0,0,0,0,0,0,0,0,0
2020-09-08,MUFFINS,Cookies,0,0,0,0,0,0,0,0,0,0,0,0,0,0
2020-09-08,MUFFINS,Bars,0,0,0,0,0,0,0,0,0,0,0,0,0,0
2020-09-08,MUFFINS,oatmeal choc,0,30,30,18,7,0,5,0,0,0,0,0,0,0
2020-09-08,MUFFINS,triple choc,0,30,30,12,8,0,10,0,0,0,0,0,0,0
2020-09-08,MUFFINS,snickerdoodle,0,30,30,12,8,0,10,0,0,0,0,0,0,0
2020-09-08,MUFFINS,Autumn Rais,0,12,12,0,0,0,12,0,0,0,0,0,0,0
2020-09-08,MUFFINS,frosted sugar,0,24,24,8,0,0,16,0,0,0,0,0,0,0
2020-09-08,MUFFINS,Cashew Crunch,0,8,8,4,0,0,4,0,0,0,0,0,0,0
2020-09-08,MUFFINS,brownie,0,8,8,8,0,0,0,0,0,0,0,0,0,0
2020-09-08,MUFFINS,Bread Pudding,0,0,0,0,0,0,0,0,0,0,0,0,0,0
2020-09-08,MUFFINS,Totals,0,269,269,144,41,27,57,0,0,0,0,0,0,0
2020-09-09,BREAD,H,12,29,41,20,1,0,20,0,0,0,0,0,0,0
2020-09-09,BREAD,FR,12,20,32,16,0,0,16,0,0,0,0,0,0,0
2020-09-09,BREAD,GW,0,9,9,0,0,0,9,0,0,0,0,0,0,0
2020-09-09,BREAD,DK,0,39,39,19,1,0,19,0,0,0,0,0,0,0
2020-09-09,BREAD,H5|Cran,0,0,0,0,0,0,0,0,0,0,0,0,0,0
2020-09-09,BREAD,CSRWL,6,16,22,10,1,1,10,0,4,4,3,0,0,1
2020-09-09,BREAD,ACW,13,0,13,0,0,13,0,2,0,2,0,0,0,0
2020-09-09,BREAD,ACW SW,5,0,5,4,0,1,0,0,0,0,0,0,0,0
2020-09-09,BREAD,CNE,5,19,24,12,0,1,11,0,4,4,2,0,0,2
2020-09-09,BREAD,CNR,0,9,9,3,0,0,6,0,0,0,0,0,0,0
2020-09-09,BREAD,CNW,0,9,9,2,0,0,7,0,0,0,0,0,0,0
2020-09-09,BREAD,CG,0,8,8,3,1,0,4,0,4,4,4,0,0,0
2020-09-09,BREAD,pesto CG,0,8,8,3,0,0,5,0,0,0,0,0,0,0
2020-09-09,BREAD,VS,5,0,5,2,0,3,0,3,0,3,3,0,0,0
2020-09-09,BREAD,SOURDOUGH,3,19,22,17,0,0,5,0,0,0,0,0,0,0
2020-09-09,BREAD,RG SOUR,0,6,6,1,0,0,5,0,0,0,0,0,0,0
2020-09-09,BREAD,CH,0,0,0,0,0,0,0,0,0,0,0,0,0,0
2020-09-09,BREAD,CH-Raisin,0,0,0,0,0,0,0,0,0,0,0,0,0,0
2020-09-09,BREAD,9G,13,0,13,4,0,0,9,0,0,0,0,0,0,0
2020-09-09,BREAD,9G-Blue,0,0,0,0,0,0,0,0,0,0,0,0,0,0
2020-09-09,BREAD,CAR,0,0,0,0,0,0,0,0,0,0,0,0,0,0
2020-09-09,BREAD,IHF,0,0,0,0,0,0,0,0,0,0,0,0,0,0
2020-09-09,BREAD,VS BUNS,0,0,0,0,0,0,0,0,0,0,0,0,0,0
2020-09-09,BREAD,GW BUNS,0,0,0,0,0,0,0,0,0,0,0,0,0,0
2020-09-09,BREAD,H-RLS,2,2,4,1,0,1,2,0,0,0,0,0,0,0
2020-09-09,BREAD,FR-RLS,0,4,4,2,0,0,2,0,0,0,0,0,0,0
2020-09-09,BREAD,VS-RLS,4,0,4,3,0,1,0,0,0,0,0,0,0,0
2020-09-09,BREAD,Blue Stru,5,3,8,5,0,1,2,0,0,0,0,0,0,0
2020-09-09,BREAD,Choc Carm,4,1,5,1,0,1,3,0,0,0,0,0,0,0
2020-09-09,BREAD,Apple CR,5,1,6,3,0,1,2,0,0,0,0,0,0,0
2020-09-09,ROLLS,Cinnamon,0,120,120,83,0,37,0,0,0,0,0,0,0,0
2020-09-09,ROLLS,Mini C-Roll,0,0,0,0,0,0,0,0,0,0,0,0,0,0
2020-09-09,SCONES,Blueberry,0,0,0,0,0,0,0,0,0,0,0,0,0,0
2020-09-09,SCONES,Rasp Cream,0,29,29,25,4,0,0,0,0,0,0,0,0,0
2020-09-09,SCONES,Cherry,0,0,0,0,0,0,0,0,0,0,0,0,0,0
2020-09-09,SCONES,Butt Almond,0,0,0,0,0,0,0,0,0,0,0,0,0,0
2020-09-09,SCONES,Turtle,0,25,25,12,0,13,0,0,0,0,0,0,0,0
2020-09-09,SCONES,Cin Chip,0,0,0,0,0,0,0,0,0,0,0,0,0,0
2020-09-09,FRUIT BARS,Mixed Berry,0,10,10,7,0,3,0,0,0,0,0,0,0,0
2020-09-09,FRUIT BARS,Cherry,0,10,10,8,0,2,0,0,0,0,0,0,0,0
2020-09-09,FRUIT BARS,Apple Cin,0,0,0,0,0,0,0,0,0,0,0,0,0,0
2020-09-09,FRUIT BARS,Straw Rhub,0,0,0,0,0,0,0,0,0,0,0,0,0,0
2020-09-09,MUFFINS,Blue Stru,0,12,12,11,0,1,0,0,0,0,0,0,0,0
2020-09-09,MUFFINS,Choc Carm,0,11,11,8,0,3,0,0,0,0,0,0,0,0
2020-09-09,MUFFINS,Apple Crunch,0,9,9,8,0,1,0,0,0,0,0,0,0,0
2020-09-09,MUFFINS,Cookies,0,0,0,0,0,0,0,0,0,0,0,0,0,0
2020-09-09,MUFFINS,Bars,0,0,0,0,0,0,0,0,0,0,0,0,0,0
2020-09-09,MUFFINS,oatmeal choc,5,30,35,24,0,0,11,0,0,0,0,0,0,0
2020-09-09,MUFFINS,triple choc,10,30,40,29,0,0,11,0,0,0,0,0,0,0
2020-09-09,MUFFINS,snickerdoodle,10,30,40,19,6,0,15,0,0,0,0,0,0,0
2020-09-09,MUFFINS,Autumn Rais,12,18,30,7,0,7,16,0,0,0,0,0,0,0
2020-09-09,MUFFINS,frosted sugar,16,12,28,14,0,0,14,0,0,0,0,0,0,0
2020-09-09,MUFFINS,Cashew Crunch,4,18,22,9,0,0,13,0,0,0,0,0,0,0
2020-09-09,MUFFINS,brownie,0,26,26,12,0,0,14,0,0,0,0,0,0,0
2020-09-09,MUFFINS,Bread Pudding,0,0,0,0,0,0,0,0,0,0,0,0,0,0
2020-09-09,MUFFINS,Totals,57,390,447,276,10,67,94,0,0,0,0,0,0,0
2020-09-10,BREAD,H,20,11,31,16,0,1,14,0,0,0,0,0,0,0
2020-09-10,BREAD,FR,16,36,52,15,32,1,4,0,0,0,0,0,0,0
2020-09-10,BREAD,GW,9,4,13,5,0,4,4,0,0,0,0,0,0,0
2020-09-10,BREAD,DK,19,0,19,10,0,0,9,0,0,0,0,0,0,0
2020-09-10,BREAD,H5|Cran,0,19,19,13,1,0,5,0,8,8,1,0,0,7
2020-09-10,BREAD,CSRWL,10,8,18,15,0,0,3,1,2,3,3,0,0,0
2020-09-10,BREAD,ACW,0,12,12,2,0,0,10,0,3,3,1,0,0,0
2020-09-10,BREAD,ACW SW,0,6,6,3,0,0,3,0,0,0,0,0,0,0
2020-09-10,BREAD,CNE,11,0,11,9,0,2,0,2,0,2,1,0,0,0
2020-09-10,BREAD,CNR,6,0,6,3,0,3,0,0,0,0,0,0,0,0
2020-09-10,BREAD,CNW,7,0,7,4,0,3,0,0,0,0,0,0,0,0
2020-09-10,BREAD,CG,4,0,4,4,0,0,0,0,0,0,0,0,0,0
2020-09-10,BREAD,pesto CG,5,0,5,5,0,0,0,0,0,0,0,0,0,0
2020-09-10,BREAD,VS,0,18,18,3,0,0,15,0,5,5,3,0,0,2
2020-09-10,BREAD,SOURDOUGH,5,0,5,4,0,1,0,0,0,0,0,0,0,0
2020-09-10,BREAD,RG SOUR,5,0,5,5,0,0,0,0,0,0,0,0,0,0
2020-09-10,BREAD,CH,0,15,15,2,2,0,11,0,3,3,0,0,0,3
2020-09-10,BREAD,CH-Raisin,0,0,0,0,0,0,0,0,0,0,0,0,0,0
2020-09-10,BREAD,9G,9,0,9,3,0,6,0,0,0,0,0,0,0,0
2020-09-10,BREAD,9G-Blue,0,0,0,0,0,0,0,0,0,0,0,0,0,0
2020-09-10,BREAD,CAR,0,0,0,0,0,0,0,0,0,0,0,0,0,0
2020-09-10,BREAD,IHF,0,0,0,0,0,0,0,0,0,0,0,0,0,0
2020-09-10,BREAD,VS BUNS,0,0,0,0,0,0,0,0,0,0,0,0,0,0
2020-09-10,BREAD,GW BUNS,0,0,0,0,0,0,0,0,0,0,0,0,0,0
2020-09-10,BREAD,H-RLS,2,3,5,1,1,0,3,0,0,0,0,0,0,0
2020-09-10,BREAD,FR-RLS,2,2,4,3,1,0,0,0,0,0,0,0,0,0
2020-09-10,BREAD,VS-RLS,0,5,5,1,0,0,4,0,0,0,0,0,0,0
2020-09-10,BREAD,Blue Stru,2,11,13,1,7,1,4,0,0,0,0,0,0,0
2020-09-10,BREAD,Choc Carm,3,3,6,2,0,1,3,0,0,0,0,0,0,0
2020-09-10,BREAD,Apple CR,2,3,5,3,0,0,2,0,0,0,0,0,0,0
2020-09-10,ROLLS,Cinnamon,0,48,48,32,6,10,0,0,0,0,0,0,0,0
2020-09-10,ROLLS,Mini C-Roll,0,0,0,0,0,0,0,0,0,0,0,0,0,0
2020-09-10,SCONES,Blueberry,0,21,21,5,0,16,0,0,0,0,0,0,0,0
2020-09-10,SCONES,Rasp Cream,0,0,0,0,0,0,0,0,0,0,0,0,0,0
2020-09-10,SCONES,Cherry,0,0,0,0,0,0,0,0,0,0,0,0,0,0
2020-09-10,SCONES,Butt Almond,0,0,0,0,0,0,0,0,0,0,0,0,0,0
2020-09-10,SCONES,Turtle,0,13,13,12,0,1,0,0,0,0,0,0,0,0
2020-09-10,SCONES,Cin Chip,0,0,0,0,0,0,0,0,0,0,0,0,0,0
2020-09-10,FRUIT BARS,Mixed Berry,0,0,0,0,0,0,0,0,0,0,0,0,0,0
2020-09-10,FRUIT BARS,Cherry,0,0,0,0,0,0,0,0,0,0,0,0,0,0
2020-09-10,FRUIT BARS,Apple Cin,0,10,10,2,4,4,0,0,0,0,0,0,0,0
2020-09-10,FRUIT BARS,Straw Rhub,0,10,10,4,3,3,0,0,0,0,0,0,0,0
2020-09-10,MUFFINS,Blue Stru,0,7,7,2,0,5,0,0,0,0,0,0,0,0
2020-09-10,MUFFINS,Choc Carm,0,6,6,1,0,5,0,0,14,14,0,0,0,0
2020-09-10,MUFFINS,Apple Crunch,0,6,6,5,0,1,0,0,7,7,0,0,0,0
2020-09-10,MUFFINS,Cookies,0,0,0,0,0,0,0,0,0,0,0,0,0,0
2020-09-10,MUFFINS,Bars,0,0,0,0,0,0,0,0,0,0,0,0,0,0
2020-09-10,MUFFINS,oatmeal choc,11,12,23,17,0,6,0,0,22,22,0,0,0,0
2020-09-10,MUFFINS,triple choc,11,12,23,20,0,0,3,0,22,22,0,0,0,0
2020-09-10,MUFFINS,snickerdoodle,15,6,21,13,0,3,5,0,14,14,0,0,0,0
2020-09-10,MUFFINS,Autumn Rais,16,0,16,2,0,14,0,0,14,14,0,0,0,0
2020-09-10,MUFFINS,frosted sugar,14,12,26,11,0,0,15,0,0,0,0,0,0,0
2020-09-10,MUFFINS,Cashew Crunch,13,4,17,5,7,5,0,0,0,0,0,0,0,0
2020-09-10,MUFFINS,brownie,14,3,17,2,7,8,0,0,0,0,0,0,0,0
2020-09-10,MUFFINS,Bread Pudding,0,0,0,0,0,0,0,0,0,0,0,0,0,0
2020-09-10,MUFFINS,Totals,94,170,264,133,27,81,23,0,93,93,0,0,0,0
2020-09-11,BREAD,H,14,34,48,28,2,0,18,0,0,0,0,0,0,0
2020-09-11,BREAD,FR,4,45,49,25,1,0,23,0,0,0,0,0,0,0
2020-09-11,BREAD,GW,4,12,16,9,2,0,5,0,0,0,0,0,0,0
2020-09-11,BREAD,DK,9,22,31,17,0,0,14,0,0,0,0,0,0,0
2020-09-11,BREAD,H5|Cran,5,0,5,5,0,0,0,7,0,7,7,0,0,0
2020-09-11,BREAD,CSRWL,3,20,23,22,1,0,0,0,5,5,5,0,0,0
2020-09-11,BREAD,ACW,10,0,10,4,0,0,6,0,0,0,0,0,0,0
2020-09-11,BREAD,ACW SW,3,0,3,3,0,0,0,0,0,0,0,0,0,0
2020-09-11,BREAD,CNE,0,20,20,16,0,0,4,0,5,5,3,0,0,2
2020-09-11,BREAD,CNR,0,10,10,5,0,0,5,0,0,0,0,0,0,0
2020-09-11,BREAD,CNW,0,9,9,6,0,0,3,0,0,0,0,0,0,0
2020-09-11,BREAD,CG,0,12,12,11,0,0,1,0,5,5,4,0,0,1
2020-09-11,BREAD,pesto CG,0,10,10,6,0,0,4,0,0,0,0,0,0,0
2020-09-11,BREAD,VS,15,0,15,8,0,0,7,2,0,2,2,0,0,0
2020-09-11,BREAD,SOURDOUGH,0,14,14,9,1,0,4,0,0,0,0,0,0,0
2020-09-11,BREAD,RG SOUR,0,10,10,6,0,0,4,0,0,0,0,0,0,0
2020-09-11,BREAD,CH,11,0,11,5,0,0,6,3,0,3,3,0,0,0
2020-09-11,BREAD,CH-Raisin,0,0,0,0,0,0,0,0,0,0,0,0,0,0
2020-09-11,BREAD,9G,0,15,15,7,0,0,8,0,0,0,0,0,0,0
2020-09-11,BREAD,9G-Blue,0,0,0,0,0,0,0,0,0,0,0,0,0,0
2020-09-11,BREAD,CAR,0,0,0,0,0,0,0,0,0,0,0,0,0,0
2020-09-11,BREAD,IHF,0,0,0,0,0,0,0,0,0,0,0,0,0,0
2020-09-11,BREAD,VS BUNS,0,0,0,0,0,0,0,0,0,0,0,0,0,0
2020-09-11,BREAD,GW BUNS,0,0,0,0,0,0,0,0,0,0,0,0,0,0
2020-09-11,BREAD,H-RLS,3,5,8,7,0,0,1,0,0,0,0,0,0,0
2020-09-11,BREAD,FR-RLS,0,5,5,3,1,0,1,0,0,0,0,0,0,0
2020-09-11,BREAD,VS-RLS,4,0,4,4,0,0,0,0,0,0,0,0,0,0
2020-09-11,BREAD,Blue Stru,4,6,10,5,1,3,1,0,0,0,0,0,0,0
2020-09-11,BREAD,Choc Carm,3,6,9,3,0,2,4,0,0,0,0,0,0,0
2020-09-11,BREAD,Apple CR,2,6,8,3,0,2,3,0,0,0,0,0,0,0
2020-09-11,ROLLS,Cinnamon,0,96,96,66,4,26,0,0,0,0,0,0,0,0
2020-09-11,ROLLS,Mini C-Roll,0,0,0,0,0,0,0,0,0,0,0,0,0,0
2020-09-11,SCONES,Blueberry,0,0,0,0,0,0,0,0,0,0,0,0,0,0
2020-09-11,SCONES,Rasp Cream,0,0,0,0,0,0,0,0,0,0,0,0,0,0
2020-09-11,SCONES,Cherry,0,22,22,16,0,6,0,0,0,0,0,0,0,0
2020-09-11,SCONES,Butt Almond,0,33,33,18,8,7,0,0,0,0,0,0,0,0
2020-09-11,SCONES,Turtle,0,0,0,0,0,0,0,0,0,0,0,0,0,0
2020-09-11,SCONES,Cin Chip,0,0,0,0,0,0,0,0,0,0,0,0,0,0
2020-09-11,FRUIT BARS,Mixed Berry,0,10,10,8,0,2,0,0,0,0,0,0,0,0
2020-09-11,FRUIT BARS,Cherry,0,10,10,9,0,1,0,0,0,0,0,0,0,0
2020-09-11,FRUIT BARS,Apple Cin,0,0,0,0,0,0,0,0,0,0,0,0,0,0
2020-09-11,FRUIT BARS,Straw Rhub,0,0,0,0,0,0,0,0,0,0,0,0,0,0
2020-09-11,MUFFINS,Blue Stru,0,8,8,5,0,3,0,0,0,0,0,0,0,0
2020-09-11,MUFFINS,Choc Carm,0,6,6,5,0,1,0,0,0,0,0,0,0,0
2020-09-11,MUFFINS,Apple Crunch,0,4,4,3,0,1,0,0,0,0,0,0,0,0
2020-09-11,MUFFINS,Cookies,0,0,0,0,0,0,0,0,0,0,0,0,0,0
2020-09-11,MUFFINS,Bars,0,0,0,0,0,0,0,0,0,0,0,0,0,0
2020-09-11,MUFFINS,oatmeal choc,0,48,48,31,1,0,16,0,0,0,0,0,0,0
2020-09-11,MUFFINS,triple choc,3,48,51,48,1,0,2,0,0,0,0,0,0,0
2020-09-11,MUFFINS,snickerdoodle,5,42,47,29,1,0,17,0,0,0,0,0,0,0
2020-09-11,MUFFINS,Autumn Rais,0,36,36,20,0,0,16,0,0,0,0,0,0,0
2020-09-11,MUFFINS,frosted sugar,15,18,33,23,0,0,10,0,0,0,0,0,0,0
2020-09-11,MUFFINS,Cashew Crunch,0,22,22,20,0,0,2,0,0,0,0,0,0,0
2020-09-11,MUFFINS,brownie,0,30,30,21,0,0,9,0,0,0,0,0,0,0
2020-09-11,MUFFINS,Bread Pudding,0,0,0,0,0,0,0,0,0,0,0,0,0,0
2020-09-11,MUFFINS,Totals,23,433,456,322,15,47,72,0,0,0,0,0,0,0
2020-09-12,BREAD,H,18,0,18,8,0,10,0,0,0,0,0,0,0,0
2020-09-12,BREAD,FR,23,0,23,17,0,6,0,0,0,0,0,0,0,0
2020-09-12,BREAD,GW,5,3,8,4,0,4,0,0,0,0,0,0,0,0
2020-09-12,BREAD,DK,14,0,14,3,0,11,0,0,0,0,0,0,0,0
2020-09-12,BREAD,H5|Cran,0,0,0,0,0,0,0,0,0,0,-1,0,0,0
2020-09-12,BREAD,CSRWL,0,16,16,3,0,13,0,0,3,3,1,0,0,0
2020-09-12,BREAD,ACW,6,0,6,-3,0,9,0,0,0,0,0,0,0,0
2020-09-12,BREAD,ACW SW,0,0,0,0,0,0,0,0,0,0,0,0,0,0
2020-09-12,BREAD,CNE,4,0,4,3,0,1,0,2,0,2,1,0,0,0
2020-09-12,BREAD,CNR,5,0,5,2,0,3,0,0,0,0,0,0,0,0
2020-09-12,BREAD,CNW,3,0,3,2,0,1,0,0,0,0,0,0,0,0
2020-09-12,BREAD,CG,1,0,1,1,0,0,0,1,0,1,1,0,0,0
2020-09-12,BREAD,pesto CG,4,0,4,4,0,0,0,0,0,0,0,0,0,0
2020-09-12,BREAD,VS,7,0,7,5,0,2,0,0,0,0,0,0,0,0
2020-09-12,BREAD,SOURDOUGH,4,0,4,4,0,0,0,0,0,0,0,0,0,0
2020-09-12,BREAD,RG SOUR,4,0,4,4,0,0,0,0,0,0,0,0,0,0
2020-09-12,BREAD,CH,6,0,6,1,0,5,0,0,0,0,0,0,0,0
2020-09-12,BREAD,CH-Raisin,0,0,0,0,0,0,0,0,0,0,0,0,0,0
2020-09-12,BREAD,9G,8,0,8,-1,0,9,0,0,0,0,0,0,0,0
2020-09-12,BREAD,9G-Blue,0,0,0,0,0,0,0,0,0,0,0,0,0,0
2020-09-12,BREAD,CAR,0,0,0,0,0,0,0,0,0,0,0,0,0,0
2020-09-12,BREAD,IHF,0,33,33,33,0,0,0,0,0,0,0,0,0,0
2020-09-12,BREAD,VS BUNS,0,0,0,0,0,0,0,0,0,0,0,0,0,0
2020-09-12,BREAD,GW BUNS,0,0,0,0,0,0,0,0,0,0,0,0,0,0
2020-09-12,BREAD,H-RLS,1,0,1,-2,0,3,0,0,0,0,0,0,0,0
2020-09-12,BREAD,FR-RLS,1,0,1,0,0,1,0,0,0,0,0,0,0,0
2020-09-12,BREAD,VS-RLS,0,0,0,-2,0,2,0,0,0,0,0,0,0,0
2020-09-12,BREAD,Blue Stru,1,2,3,-2,0,5,0,0,0,0,0,0,0,0
2020-09-12,BREAD,Choc Carm,4,0,4,-1,0,5,0,0,0,0,0,0,0,0
2020-09-12,BREAD,Apple CR,3,0,3,1,0,2,0,0,0,0,0,0,0,0
2020-09-12,ROLLS,Cinnamon,0,228,228,228,0,0,0,0,0,0,0,0,0,0
2020-09-12,ROLLS,Mini C-Roll,0,0,0,0,0,0,0,0,0,0,0,0,0,0
2020-09-12,SCONES,Blueberry,0,33,33,29,0,4,0,0,0,0,0,0,0,0
2020-09-12,SCONES,Rasp Cream,0,0,0,0,0,0,0,0,0,0,0,0,0,0
2020-09-12,SCONES,Cherry,0,0,0,0,0,0,0,0,0,0,0,0,0,0
2020-09-12,SCONES,Butt Almond,0,33,33,30,0,3,0,0,0,0,0,0,0,0
2020-09-12,SCONES,Turtle,0,0,0,0,0,0,0,0,0,0,0,0,0,0
2020-09-12,SCONES,Cin Chip,0,0,0,0,0,0,0,0,0,0,0,0,0,0
2020-09-12,FRUIT BARS,Mixed Berry,0,0,0,0,0,0,0,0,0,0,0,0,0,0
2020-09-12,FRUIT BARS,Cherry,0,0,0,0,0,0,0,0,0,0,0,0,0,0
2020-09-12,FRUIT BARS,Apple Cin,0,10,10,6,0,4,0,0,0,0,0,0,0,0
2020-09-12,FRUIT BARS,Straw Rhub,0,10,10,10,0,0,0,0,0,0,0,0,0,0
2020-09-12,MUFFINS,Blue Stru,0,16,16,14,0,2,0,0,0,0,0,0,0,0
2020-09-12,MUFFINS,Choc Carm,0,16,16,13,0,3,0,0,0,0,0,0,0,0
2020-09-12,MUFFINS,Apple Crunch,0,12,12,9,0,3,0,0,0,0,0,0,0,0
2020-09-12,MUFFINS,Cookies,0,0,0,0,0,0,0,0,0,0,0,0,0,0
2020-09-12,MUFFINS,Bars,0,0,0,0,0,0,0,0,0,0,0,0,0,0
2020-09-12,MUFFINS,oatmeal choc,16,0,16,14,2,0,0,0,0,0,0,0,0,0
2020-09-12,MUFFINS,triple choc,2,6,8,6,1,1,0,0,0,0,0,0,0,0
2020-09-12,MUFFINS,snickerdoodle,17,0,17,14,1,2,0,0,0,0,0,0,0,0
2020-09-12,MUFFINS,Autumn Rais,16,0,16,-4,0,20,0,0,0,0,0,0,0,0
2020-09-12,MUFFINS,frosted sugar,10,0,10,0,0,10,0,0,0,0,0,0,0,0
2020-09-12,MUFFINS,Cashew Crunch,2,2,4,4,0,0,0,0,0,0,0,0,0,0
2020-09-12,MUFFINS,brownie,9,0,9,0,0,9,0,0,0,0,0,0,0,0
2020-09-12,MUFFINS,Bread Pudding,0,0,0,0,0,0,0,0,0,0,0,0,0,0
2020-09-12,MUFFINS,Totals,72,366,438,373,4,61,0,0,0,0,0,0,0,0
2020-09-13,BREAD,H,0,0,0,0,0,0,0,0,0,0,0,0,0,0
2020-09-13,BREAD,FR,0,0,0,0,0,0,0,0,0,0,0,0,0,0
2020-09-13,BREAD,GW,0,0,0,0,0,0,0,0,0,0,0,0,0,0
2020-09-13,BREAD,DK,0,0,0,0,0,0,0,0,0,0,0,0,0,0
2020-09-13,BREAD,H5|Cran,0,0,0,0,0,0,0,0,0,0,0,0,0,0
2020-09-13,BREAD,CSRWL,0,0,0,0,0,0,0,0,0,0,0,0,0,0
2020-09-13,BREAD,ACW,0,0,0,0,0,0,0,0,0,0,0,0,0,0
2020-09-13,BREAD,ACW SW,0,0,0,0,0,0,0,0,0,0,0,0,0,0
2020-09-13,BREAD,CNE,0,0,0,0,0,0,0,0,0,0,0,0,0,0
2020-09-13,BREAD,CNR,0,0,0,0,0,0,0,0,0,0,0,0,0,0
2020-09-13,BREAD,CNW,0,0,0,0,0,0,0,0,0,0,0,0,0,0
2020-09-13,BREAD,CG,0,0,0,0,0,0,0,0,0,0,0,0,0,0
2020-09-13,BREAD,pesto CG,0,0,0,0,0,0,0,0,0,0,0,0,0,0
2020-09-13,BREAD,VS,0,0,0,0,0,0,0,0,0,0,0,0,0,0
2020-09-13,BREAD,SOURDOUGH,0,0,0,0,0,0,0,0,0,0,0,0,0,0
2020-09-13,BREAD,RG SOUR,0,0,0,0,0,0,0,0,0,0,0,0,0,0
2020-09-13,BREAD,CH,0,0,0,0,0,0,0,0,0,0,0,0,0,0
2020-09-13,BREAD,CH-Raisin,0,0,0,0,0,0,0,0,0,0,0,0,0,0
2020-09-13,BREAD,9G,0,0,0,0,0,0,0,0,0,0,0,0,0,0
2020-09-13,BREAD,9G-Blue,0,0,0,0,0,0,0,0,0,0,0,0,0,0
2020-09-13,BREAD,CAR,0,0,0,0,0,0,0,0,0,0,0,0,0,0
2020-09-13,BREAD,IHF,0,0,0,0,0,0,0,0,0,0,0,0,0,0
2020-09-13,BREAD,VS BUNS,0,0,0,0,0,0,0,0,0,0,0,0,0,0
2020-09-13,BREAD,GW BUNS,0,0,0,0,0,0,0,0,0,0,0,0,0,0
2020-09-13,BREAD,H-RLS,0,0,0,0,0,0,0,0,0,0,0,0,0,0
2020-09-13,BREAD,FR-RLS,0,0,0,0,0,0,0,0,0,0,0,0,0,0
2020-09-13,BREAD,VS-RLS,0,0,0,0,0,0,0,0,0,0,0,0,0,0
2020-09-13,BREAD,Blue Stru,0,0,0,0,0,0,0,0,0,0,0,0,0,0
2020-09-13,BREAD,Choc Carm,0,0,0,0,0,0,0,0,0,0,0,0,0,0
2020-09-13,BREAD,Apple CR,0,0,0,0,0,0,0,0,0,0,0,0,0,0
2020-09-13,ROLLS,Cinnamon,0,0,0,0,0,0,0,0,0,0,0,0,0,0
2020-09-13,ROLLS,Mini C-Roll,0,0,0,0,0,0,0,0,0,0,0,0,0,0
2020-09-13,SCONES,Blueberry,0,0,0,0,0,0,0,0,0,0,0,0,0,0
2020-09-13,SCONES,Rasp Cream,0,0,0,0,0,0,0,0,0,0,0,0,0,0
2020-09-13,SCONES,Cherry,0,0,0,0,0,0,0,0,0,0,0,0,0,0
2020-09-13,SCONES,Butt Almond,0,0,0,0,0,0,0,0,0,0,0,0,0,0
2020-09-13,SCONES,Turtle,0,0,0,0,0,0,0,0,0,0,0,0,0,0
2020-09-13,SCONES,Cin Chip,0,0,0,0,0,0,0,0,0,0,0,0,0,0
2020-09-13,FRUIT BARS,Mixed Berry,0,0,0,0,0,0,0,0,0,0,0,0,0,0
2020-09-13,FRUIT BARS,Cherry,0,0,0,0,0,0,0,0,0,0,0,0,0,0
2020-09-13,FRUIT BARS,Apple Cin,0,0,0,0,0,0,0,0,0,0,0,0,0,0
2020-09-13,FRUIT BARS,Straw Rhub,0,0,0,0,0,0,0,0,0,0,0,0,0,0
2020-09-13,MUFFINS,Blue Stru,0,0,0,0,0,0,0,0,0,0,0,0,0,0
2020-09-13,MUFFINS,Choc Carm,0,0,0,0,0,0,0,0,0,0,0,0,0,0
2020-09-13,MUFFINS,Apple Crunch,0,0,0,0,0,0,0,0,0,0,0,0,0,0
2020-09-13,MUFFINS,Cookies,0,0,0,0,0,0,0,0,0,0,0,0,0,0
2020-09-13,MUFFINS,Bars,0,0,0,0,0,0,0,0,0,0,0,0,0,0
2020-09-13,MUFFINS,oatmeal choc,0,0,0,0,0,0,0,0,0,0,0,0,0,0
2020-09-13,MUFFINS,triple choc,0,0,0,0,0,0,0,0,0,0,0,0,0,0
2020-09-13,MUFFINS,snickerdoodle,0,0,0,0,0,0,0,0,0,0,0,0,0,0
2020-09-13,MUFFINS,Autumn Rais,0,0,0,0,0,0,0,0,0,0,0,0,0,0
2020-09-13,MUFFINS,frosted sugar,0,0,0,0,0,0,0,0,0,0,0,0,0,0
2020-09-13,MUFFINS,Cashew Crunch,0,0,0,0,0,0,0,0,0,0,0,0,0,0
2020-09-13,MUFFINS,brownie,0,0,0,0,0,0,0,0,0,0,0,0,0,0
2020-09-13,MUFFINS,Bread Pudding,0,0,0,0,0,0,0,0,0,0,0,0,0,0
2020-09-13,MUFFINS,Totals,0,0,0,0,0,0,0,0,0,0,0,0,0,0
2020-09-14,BREAD,H,0,38,38,15,0,0,23,0,0,0,0,0,0,0
2020-09-14,BREAD,FR,0,26,26,13,0,0,13,0,0,0,0,0,0,0
2020-09-14,BREAD,GW,0,6,6,3,0,0,3,0,0,0,0,0,0,0
2020-09-14,BREAD,DK,0,18,18,6,0,0,12,0,0,0,0,0,0,0
2020-09-14,BREAD,H5|Cran,0,0,0,0,0,0,0,0,0,0,0,0,0,0
2020-09-14,BREAD,CSRWL,0,16,16,13,1,0,2,0,3,3,2,0,0,1
2020-09-14,BREAD,ACW,0,0,0,0,0,0,0,0,0,0,0,0,0,0
2020-09-14,BREAD,ACW SW,0,0,0,0,0,0,0,0,0,0,0,0,0,0
2020-09-14,BREAD,CNE,0,16,16,9,0,0,7,0,2,2,1,0,0,1
2020-09-14,BREAD,CNR,0,4,4,1,0,0,3,0,0,0,0,0,0,0
2020-09-14,BREAD,CNW,0,4,4,3,0,0,1,0,0,0,0,0,0,0
2020-09-14,BREAD,CG,0,7,7,7,0,0,0,0,2,2,2,0,0,0
2020-09-14,BREAD,pesto CG,0,3,3,1,0,0,2,0,0,0,0,0,0,0
2020-09-14,BREAD,VS,0,0,0,0,0,0,0,0,0,0,0,0,0,0
2020-09-14,BREAD,SOURDOUGH,0,0,0,-3,0,0,3,0,0,0,0,0,0,0
2020-09-14,BREAD,RG SOUR,0,0,0,-1,0,0,1,0,0,0,0,0,0,0
2020-09-14,BREAD,CH,0,0,0,0,0,0,0,0,0,0,0,0,0,0
2020-09-14,BREAD,CH-Raisin,0,0,0,0,0,0,0,0,0,0,0,0,0,0
2020-09-14,BREAD,9G,0,0,0,0,0,0,0,0,0,0,0,0,0,0
2020-09-14,BREAD,9G-Blue,0,0,0,0,0,0,0,0,0,0,0,0,0,0
2020-09-14,BREAD,CAR,0,0,0,0,0,0,0,0,0,0,0,0,0,0
2020-09-14,BREAD,IHF,0,0,0,0,0,0,0,0,0,0,0,0,0,0
2020-09-14,BREAD,VS BUNS,0,0,0,0,0,0,0,0,0,0,0,0,0,0
2020-09-14,BREAD,GW BUNS,0,0,0,0,0,0,0,0,0,0,0,0,0,0
2020-09-14,BREAD,H-RLS,0,2,2,0,0,0,2,0,0,0,0,0,0,0
2020-09-14,BREAD,FR-RLS,0,1,1,0,0,0,1,0,0,0,0,0,0,0
2020-09-14,BREAD,VS-RLS,0,0,0,0,0,0,0,0,0,0,0,0,0,0
2020-09-14,BREAD,Blue Stru,0,6,6,1,1,0,4,0,0,0,0,0,0,0
2020-09-14,BREAD,Choc Carm,0,4,4,1,0,0,3,0,0,0,0,0,0,0
2020-09-14,BREAD,Apple CR,0,4,4,4,0,0,0,0,0,0,0,0,0,0
2020-09-14,ROLLS,Cinnamon,0,36,36,36,0,0,0,0,0,0,0,0,0,0
2020-09-14,ROLLS,Mini C-Roll,0,24,24,0,24,0,0,0,0,0,0,0,0,0
2020-09-14,SCONES,Blueberry,0,0,0,0,0,0,0,0,0,0,0,0,0,0
2020-09-14,SCONES,Rasp Cream,0,11,11,11,0,0,0,0,4,4,0,0,0,0
2020-09-14,SCONES,Cherry,0,0,0,0,0,0,0,0,0,0,0,0,0,0
2020-09-14,SCONES,Butt Almond,0,0,0,0,0,0,0,0,0,0,0,0,0,0
2020-09-14,SCONES,Turtle,0,0,0,0,0,0,0,0,0,0,0,0,0,0
2020-09-14,SCONES,Cin Chip,0,11,11,11,0,0,0,0,4,4,0,0,0,0
2020-09-14,FRUIT BARS,Mixed Berry,0,10,10,5,1,4,0,0,0,0,0,0,0,0
2020-09-14,FRUIT BARS,Cherry,0,10,10,4,2,4,0,0,0,0,0,0,0,0
2020-09-14,FRUIT BARS,Apple Cin,0,0,0,0,0,0,0,0,0,0,0,0,0,0
2020-09-14,FRUIT BARS,Straw Rhub,0,0,0,0,0,0,0,0,0,0,0,0,0,0
2020-09-14,MUFFINS,Blue Stru,0,6,6,6,0,0,0,0,0,0,0,0,0,0
2020-09-14,MUFFINS,Choc Carm,0,5,5,5,0,0,0,0,3,3,0,0,0,0
2020-09-14,MUFFINS,Apple Crunch,0,5,5,5,0,0,0,0,3,3,0,0,0,0
2020-09-14,MUFFINS,Cookies,0,0,0,0,0,0,0,0,0,0,0,0,0,0
2020-09-14,MUFFINS,Bars,0,0,0,0,0,0,0,0,0,0,0,0,0,0
2020-09-14,MUFFINS,oatmeal choc,0,24,24,6,0,0,18,0,0,0,0,0,0,0
2020-09-14,MUFFINS,triple choc,0,24,24,16,0,0,8,0,0,0,0,0,0,0
2020-09-14,MUFFINS,snickerdoodle,0,24,24,17,0,0,7,0,0,0,0,0,0,0
2020-09-14,MUFFINS,Autumn Rais,0,12,12,5,0,0,7,0,0,0,0,0,0,0
2020-09-14,MUFFINS,frosted sugar,0,22,22,9,0,0,13,0,0,0,0,0,0,0
2020-09-14,MUFFINS,Cashew Crunch,0,8,8,6,0,0,2,0,0,0,0,0,0,0
2020-09-14,MUFFINS,brownie,0,8,8,6,0,0,2,0,0,0,0,0,0,0
2020-09-14,MUFFINS,Bread Pudding,0,0,0,0,0,0,0,0,0,0,0,0,0,0
2020-09-14,MUFFINS,Totals,0,240,240,148,27,8,57,0,14,14,0,0,0,0
2020-09-15,BREAD,H,23,14,37,14,0,0,23,0,0,0,0,0,0,0
2020-09-15,BREAD,FR,13,9,22,19,0,0,3,0,0,0,0,0,0,0
2020-09-15,BREAD,GW,3,11,14,5,0,0,9,0,0,0,0,0,0,0
2020-09-15,BREAD,DK,12,0,12,12,0,0,0,0,0,0,0,0,0,0
2020-09-15,BREAD,H5|Cran,0,0,0,0,0,0,0,0,0,0,0,0,0,0
2020-09-15,BREAD,CSRWL,2,16,18,8,0,0,10,1,2,3,2,0,0,1
2020-09-15,BREAD,ACW,0,13,13,7,0,6,0,0,2,2,1,0,0,0
2020-09-15,BREAD,ACW SW,0,6,6,1,0,5,0,0,0,0,0,0,0,0
2020-09-15,BREAD,CNE,7,0,7,7,0,0,0,1,0,1,1,0,0,0
2020-09-15,BREAD,CNR,3,0,3,1,0,2,0,0,0,0,0,0,0,0
2020-09-15,BREAD,CNW,1,0,1,1,0,0,0,0,0,0,0,0,0,0
2020-09-15,BREAD,CG,0,0,0,0,0,0,0,0,0,0,0,0,0,0
2020-09-15,BREAD,pesto CG,2,0,2,2,0,0,0,0,0,0,0,0,0,0
2020-09-15,BREAD,VS,0,14,14,9,0,0,5,0,2,2,1,0,0,1
2020-09-15,BREAD,SOURDOUGH,3,0,3,3,0,0,0,0,0,0,0,0,0,0
2020-09-15,BREAD,RG SOUR,1,0,1,1,0,0,0,0,0,0,0,0,0,0
2020-09-15,BREAD,CH,0,0,0,0,0,0,0,0,0,0,0,0,0,0
2020-09-15,BREAD,CH-Raisin,0,0,0,0,0,0,0,0,0,0,0,0,0,0
2020-09-15,BREAD,9G,0,15,15,9,0,0,6,0,0,0,0,0,0,0
2020-09-15,BREAD,9G-Blue,0,0,0,0,0,0,0,0,0,0,0,0,0,0
2020-09-15,BREAD,CAR,0,0,0,0,0,0,0,0,0,0,0,0,0,0
2020-09-15,BREAD,IHF,0,0,0,0,0,0,0,0,0,0,0,0,0,0
2020-09-15,BREAD,VS BUNS,0,0,0,0,0,0,0,0,0,0,0,0,0,0
2020-09-15,BREAD,GW BUNS,0,0,0,0,0,0,0,0,0,0,0,0,0,0
2020-09-15,BREAD,H-RLS,2,0,2,1,0,0,1,0,0,0,0,0,0,0
2020-09-15,BREAD,FR-RLS,1,0,1,1,0,0,0,0,0,0,0,0,0,0
2020-09-15,BREAD,VS-RLS,0,6,6,3,2,0,1,0,0,0,0,0,0,0
2020-09-15,BREAD,Blue Stru,4,2,6,2,0,2,2,0,0,0,0,0,0,0
2020-09-15,BREAD,Choc Carm,3,2,5,4,0,1,0,0,0,0,0,0,0,0
2020-09-15,BREAD,Apple CR,0,5,5,0,0,2,3,0,0,0,0,0,0,0
2020-09-15,ROLLS,Cinnamon,0,48,48,41,2,5,0,0,0,0,0,0,0,0
2020-09-15,ROLLS,Mini C-Roll,0,0,0,0,0,0,0,0,0,0,0,0,0,0
2020-09-15,SCONES,Blueberry,0,19,19,19,0,0,0,0,0,0,0,0,0,0
2020-09-15,SCONES,Rasp Cream,0,0,0,0,0,0,0,0,0,0,0,0,0,0
2020-09-15,SCONES,Cherry,0,0,0,0,0,0,0,0,0,0,0,0,0,0
2020-09-15,SCONES,Butt Almond,0,0,0,0,0,0,0,0,0,0,0,0,0,0
2020-09-15,SCONES,Turtle,0,0,0,0,0,0,0,0,0,0,0,0,0,0
2020-09-15,SCONES,Cin Chip,0,14,14,14,0,0,0,0,0,0,0,0,0,0
2020-09-15,FRUIT BARS,Mixed Berry,0,0,0,0,0,0,0,0,0,0,0,0,0,0
2020-09-15,FRUIT BARS,Cherry,0,0,0,0,0,0,0,0,0,0,0,0,0,0
2020-09-15,FRUIT BARS,Apple Cin,0,10,10,10,0,0,0,0,0,0,0,0,0,0
2020-09-15,FRUIT BARS,Straw Rhub,0,10,10,10,0,0,0,0,0,0,0,0,0,0
2020-09-15,MUFFINS,Blue Stru,0,7,7,3,0,4,0,0,0,0,0,0,0,0
2020-09-15,MUFFINS,Choc Carm,0,5,5,4,0,1,0,0,0,0,0,0,0,0
2020-09-15,MUFFINS,Apple Crunch,0,5,5,0,0,5,0,0,0,0,0,0,0,0
2020-09-15,MUFFINS,Cookies,0,0,0,0,0,0,0,0,0,0,0,0,0,0
2020-09-15,MUFFINS,Bars,0,0,0,0,0,0,0,0,0,0,0,0,0,0
2020-09-15,MUFFINS,oatmeal choc,18,6,24,23,0,0,1,0,0,0,0,0,0,0
2020-09-15,MUFFINS,triple choc,8,12,20,16,0,0,4,0,0,0,0,0,0,0
2020-09-15,MUFFINS,snickerdoodle,7,12,19,13,0,0,6,0,0,0,0,0,0,0
2020-09-15,MUFFINS,Autumn Rais,7,6,13,9,0,0,4,0,0,0,0,0,0,0
2020-09-15,MUFFINS,frosted sugar,14,6,20,0,0,0,20,0,0,0,0,0,0,0
2020-09-15,MUFFINS,Cashew Crunch,2,6,8,3,0,1,4,0,0,0,0,0,0,0
2020-09-15,MUFFINS,brownie,2,6,8,2,0,1,5,0,0,0,0,0,0,0
2020-09-15,MUFFINS,Bread Pudding,0,0,0,0,0,0,0,0,0,0,0,0,0,0
2020-09-15,MUFFINS,Totals,58,172,230,167,2,17,44,0,0,0,0,0,0,0
2020-09-16,BREAD,H,23,25,48,16,0,0,32,0,0,0,0,0,0,0
2020-09-16,BREAD,FR,3,31,34,18,0,0,16,0,0,0,0,0,0,0
2020-09-16,BREAD,GW,9,4,13,6,0,5,2,0,0,0,0,0,0,0
2020-09-16,BREAD,DK,0,37,37,22,0,0,15,0,0,0,0,0,0,0
2020-09-16,BREAD,H5|Cran,0,0,0,0,0,0,0,0,0,0,0,0,0,0
2020-09-16,BREAD,CSRWL,10,12,22,16,0,3,3,1,3,4,4,0,0,0
2020-09-16,BREAD,ACW,6,0,6,4,0,2,0,1,0,1,1,0,0,0
2020-09-16,BREAD,ACW SW,5,0,5,2,0,3,0,0,0,0,0,0,0,0
2020-09-16,BREAD,CNE,0,20,20,16,0,0,4,0,4,4,0,0,0,4
2020-09-16,BREAD,CNR,0,9,9,4,0,0,5,0,0,0,0,0,0,0
2020-09-16,BREAD,CNW,0,9,9,3,0,0,6,0,0,0,0,0,0,0
2020-09-16,BREAD,CG,0,7,7,3,0,0,4,0,4,4,3,0,0,1
2020-09-16,BREAD,pesto CG,0,9,9,3,0,0,6,0,0,0,0,0,0,0
2020-09-16,BREAD,VS,5,0,5,3,0,2,0,1,0,1,1,0,0,0
2020-09-16,BREAD,SOURDOUGH,0,15,15,12,1,0,2,0,0,0,0,0,0,0
2020-09-16,BREAD,RG SOUR,0,6,6,4,0,0,2,0,0,0,0,0,0,0
2020-09-16,BREAD,CH,0,0,0,0,0,0,0,0,0,0,0,0,0,0
2020-09-16,BREAD,CH-Raisin,0,0,0,0,0,0,0,0,0,0,0,0,0,0
2020-09-16,BREAD,9G,6,0,6,3,0,0,3,0,0,0,0,0,0,0
2020-09-16,BREAD,9G-Blue,0,0,0,0,0,0,0,0,0,0,0,0,0,0
2020-09-16,BREAD,CAR,0,0,0,0,0,0,0,0,0,0,0,0,0,0
2020-09-16,BREAD,IHF,0,0,0,0,0,0,0,0,0,0,0,0,0,0
2020-09-16,BREAD,VS BUNS,0,0,0,0,0,0,0,0,0,0,0,0,0,0
2020-09-16,BREAD,GW BUNS,0,0,0,0,0,0,0,0,0,0,0,0,0,0
2020-09-16,BREAD,H-RLS,1,3,4,3,0,0,1,0,0,0,0,0,0,0
2020-09-16,BREAD,FR-RLS,0,5,5,4,0,0,1,0,0,0,0,0,0,0
2020-09-16,BREAD,VS-RLS,1,0,1,1,0,0,0,0,0,0,0,0,0,0
2020-09-16,BREAD,Blue Stru,2,6,8,3,0,2,3,0,0,0,0,0,0,0
2020-09-16,BREAD,Choc Carm,0,6,6,4,0,0,2,0,0,0,0,0,0,0
2020-09-16,BREAD,Apple CR,3,3,6,4,0,1,1,0,0,0,0,0,0,0
2020-09-16,ROLLS,Cinnamon,0,120,120,86,0,34,0,0,0,0,0,0,0,0
2020-09-16,ROLLS,Mini C-Roll,0,0,0,0,0,0,0,0,0,0,0,0,0,0
2020-09-16,SCONES,Blueberry,0,0,0,0,0,0,0,0,0,0,0,0,0,0
2020-09-16,SCONES,Rasp Cream,0,32,32,29,0,3,0,0,0,0,0,0,0,0
2020-09-16,SCONES,Cherry,0,0,0,0,0,0,0,0,0,0,0,0,0,0
2020-09-16,SCONES,Butt Almond,0,0,0,0,0,0,0,0,0,0,0,0,0,0
2020-09-16,SCONES,Turtle,0,18,18,18,0,0,0,0,0,0,0,0,0,0
2020-09-16,SCONES,Cin Chip,0,0,0,0,0,0,0,0,0,0,0,0,0,0
2020-09-16,FRUIT BARS,Mixed Berry,0,10,10,8,0,2,0,0,0,0,0,0,0,0
2020-09-16,FRUIT BARS,Cherry,0,10,10,8,0,2,0,0,0,0,0,0,0,0
2020-09-16,FRUIT BARS,Apple Cin,0,0,0,0,0,0,0,0,0,0,0,0,0,0
2020-09-16,FRUIT BARS,Straw Rhub,0,0,0,0,0,0,0,0,0,0,0,0,0,0
2020-09-16,MUFFINS,Blue Stru,0,13,13,9,0,4,0,0,0,0,0,0,0,0
2020-09-16,MUFFINS,Choc Carm,0,12,12,3,0,9,0,0,0,0,0,0,0,0
2020-09-16,MUFFINS,Apple Crunch,0,10,10,4,0,6,0,0,0,0,0,0,0,0
2020-09-16,MUFFINS,Cookies,0,0,0,0,0,0,0,0,0,0,0,0,0,0
2020-09-16,MUFFINS,Bars,0,0,0,0,0,0,0,0,0,0,0,0,0,0
2020-09-16,MUFFINS,oatmeal choc,1,36,37,28,0,0,9,0,0,0,0,0,0,0
2020-09-16,MUFFINS,triple choc,4,36,40,25,0,0,15,0,0,0,0,0,0,0
2020-09-16,MUFFINS,snickerdoodle,6,30,36,24,0,1,11,0,0,0,0,0,0,0
2020-09-16,MUFFINS,Autumn Rais,4,18,22,5,0,2,15,0,0,0,0,0,0,0
2020-09-16,MUFFINS,frosted sugar,20,6,26,17,0,0,9,0,0,0,0,0,0,0
2020-09-16,MUFFINS,Cashew Crunch,4,14,18,10,0,4,4,0,0,0,0,0,0,0
2020-09-16,MUFFINS,brownie,5,13,18,14,0,0,4,0,0,0,0,0,0,0
2020-09-16,MUFFINS,Bread Pudding,0,0,0,0,0,0,0,0,0,0,0,0,0,0
2020-09-16,MUFFINS,Totals,44,378,422,288,0,67,67,0,0,0,0,0,0,0
2020-09-17,BREAD,H,32,8,40,17,0,0,23,0,0,0,0,0,0,0
2020-09-17,BREAD,FR,16,19,35,-9,32,0,12,0,0,0,0,0,0,0
2020-09-17,BREAD,GW,2,8,10,4,0,1,5,0,0,0,0,0,0,0
2020-09-17,BREAD,DK,15,0,15,8,0,0,7,0,0,0,0,0,0,0
2020-09-17,BREAD,H5|Cran,0,17,17,8,0,0,9,0,8,8,4,0,0,4
2020-09-17,BREAD,CSRWL,3,16,19,14,0,0,5,0,3,3,3,0,0,0
2020-09-17,BREAD,ACW,0,14,14,10,0,0,4,0,2,2,1,0,0,1
2020-09-17,BREAD,ACW SW,0,6,6,2,0,0,4,0,0,0,0,0,0,0
2020-09-17,BREAD,CNE,4,0,4,4,0,0,0,4,0,4,4,0,0,0
2020-09-17,BREAD,CNR,5,0,5,4,0,1,0,0,0,0,0,0,0,0
2020-09-17,BREAD,CNW,6,0,6,4,0,2,0,0,0,0,0,0,0,0
2020-09-17,BREAD,CG,4,0,4,2,0,2,0,1,0,1,1,0,0,0
2020-09-17,BREAD,pesto CG,6,0,6,3,0,3,0,0,0,0,0,0,0,0
2020-09-17,BREAD,VS,0,19,19,4,0,0,15,0,4,4,2,0,0,2
2020-09-17,BREAD,SOURDOUGH,2,15,17,5,0,0,12,0,0,0,0,0,0,0
2020-09-17,BREAD,RG SOUR,2,0,2,2,0,0,0,0,0,0,0,0,0,0
2020-09-17,BREAD,CH,0,19,19,3,11,0,5,0,4,4,4,0,0,0
2020-09-17,BREAD,CH-Raisin,0,8,8,1,6,0,1,0,0,0,0,0,0,0
2020-09-17,BREAD,9G,3,0,3,2,0,1,0,0,0,0,0,0,0,0
2020-09-17,BREAD,9G-Blue,0,0,0,0,0,0,0,0,0,0,0,0,0,0
2020-09-17,BREAD,CAR,0,0,0,0,0,0,0,0,0,0,0,0,0,0
2020-09-17,BREAD,IHF,0,0,0,0,0,0,0,0,0,0,0,0,0,0
2020-09-17,BREAD,VS BUNS,0,0,0,0,0,0,0,0,0,0,0,0,0,0
2020-09-17,BREAD,GW BUNS,0,0,0,0,0,0,0,0,0,0,0,0,0,0
2020-09-17,BREAD,H-RLS,1,3,4,0,0,1,3,0,0,0,0,0,0,0
2020-09-17,BREAD,FR-RLS,1,3,4,2,0,0,2,0,0,0,0,0,0,0
2020-09-17,BREAD,VS-RLS,0,4,4,0,0,0,4,0,0,0,0,0,0,0
2020-09-17,BREAD,Blue Stru,3,3,6,1,0,2,3,0,0,0,0,0,0,0
2020-09-17,BREAD,Choc Carm,2,3,5,5,0,0,0,0,0,0,0,0,0,0
2020-09-17,BREAD,Apple CR,2,4,6,0,0,2,4,0,0,0,0,0,0,0
2020-09-17,ROLLS,Cinnamon,0,48,48,44,0,4,0,0,0,0,0,0,0,0
2020-09-17,ROLLS,Mini C-Roll,0,0,0,0,0,0,0,0,0,0,0,0,0,0
2020-09-17,SCONES,Blueberry,0,20,20,13,0,7,0,0,0,0,0,0,0,0
2020-09-17,SCONES,Rasp Cream,0,0,0,0,0,0,0,0,0,0,0,0,0,0
2020-09-17,SCONES,Cherry,0,0,0,0,0,0,0,0,0,0,0,0,0,0
2020-09-17,SCONES,Butt Almond,0,0,0,0,0,0,0,0,0,0,0,0,0,0
2020-09-17,SCONES,Turtle,0,13,13,10,0,3,0,0,0,0,0,0,0,0
2020-09-17,SCONES,Cin Chip,0,0,0,0,0,0,0,0,0,0,0,0,0,0
2020-09-17,FRUIT BARS,Mixed Berry,0,0,0,0,0,0,0,0,0,0,0,0,0,0
2020-09-17,FRUIT BARS,Cherry,0,0,0,0,0,0,0,0,0,0,0,0,0,0
2020-09-17,FRUIT BARS,Apple Cin,0,10,10,8,0,2,0,0,0,0,0,0,0,0
2020-09-17,FRUIT BARS,Straw Rhub,0,10,10,10,0,0,0,0,0,0,0,0,0,0
2020-09-17,MUFFINS,Blue Stru,0,7,7,7,0,0,0,0,0,0,0,0,0,0
2020-09-17,MUFFINS,Choc Carm,0,6,6,5,0,1,0,0,0,0,0,0,0,0
2020-09-17,MUFFINS,Apple Crunch,0,6,6,1,0,5,0,0,0,0,0,0,0,0
2020-09-17,MUFFINS,Cookies,0,0,0,0,0,0,0,0,0,0,0,0,0,0
2020-09-17,MUFFINS,Bars,0,0,0,0,0,0,0,0,0,0,0,0,0,0
2020-09-17,MUFFINS,oatmeal choc,9,12,21,19,0,0,2,0,0,0,0,0,0,0
2020-09-17,MUFFINS,triple choc,15,6,21,21,0,0,0,0,0,0,0,0,0,0
2020-09-17,MUFFINS,snickerdoodle,11,12,23,23,0,0,0,0,0,0,0,0,0,0
2020-09-17,MUFFINS,Autumn Rais,15,0,15,1,0,14,0,0,0,0,0,0,0,0
2020-09-17,MUFFINS,frosted sugar,9,18,27,7,0,4,16,0,0,0,0,0,0,0
2020-09-17,MUFFINS,Cashew Crunch,4,6,10,4,0,5,1,0,0,0,0,0,0,0
2020-09-17,MUFFINS,brownie,4,6,10,6,0,0,4,0,0,0,0,0,0,0
2020-09-17,MUFFINS,Bread Pudding,0,0,0,0,0,0,0,0,0,0,0,0,0,0
2020-09-17,MUFFINS,Totals,67,180,247,179,0,45,23,0,0,0,0,0,0,0
2020-09-18,BREAD,H,23,29,52,24,6,0,22,0,0,0,0,0,0,0
2020-09-18,BREAD,FR,12,60,72,29,26,0,17,0,0,0,0,0,0,0
2020-09-18,BREAD,GW,5,5,10,8,2,0,0,0,0,0,0,0,0,0
2020-09-18,BREAD,DK,7,22,29,14,5,0,10,0,0,0,0,0,0,0
2020-09-18,BREAD,H5|Cran,9,0,9,6,0,0,3,4,0,4,3,0,0,1
2020-09-18,BREAD,CSRWL,5,20,25,22,0,0,3,0,5,5,4,0,0,1
2020-09-18,BREAD,ACW,4,0,4,2,0,0,2,1,0,1,1,0,0,0
2020-09-18,BREAD,ACW SW,4,0,4,4,0,0,0,0,0,0,0,0,0,0
2020-09-18,BREAD,CNE,0,26,26,19,0,0,7,0,5,5,5,0,0,0
2020-09-18,BREAD,CNR,0,10,10,8,0,0,2,0,0,0,0,0,0,0
2020-09-18,BREAD,CNW,0,10,10,9,0,0,1,0,0,0,0,0,0,0
2020-09-18,BREAD,CG,0,13,13,10,0,0,3,0,6,6,4,0,0,2
2020-09-18,BREAD,pesto CG,0,10,10,7,0,0,3,0,0,0,0,0,0,0
2020-09-18,BREAD,VS,15,0,15,6,0,0,9,2,0,2,2,0,0,0
2020-09-18,BREAD,SOURDOUGH,12,19,31,16,0,0,15,0,0,0,0,0,0,0
2020-09-18,BREAD,RG SOUR,0,10,10,6,0,0,4,0,0,0,0,0,0,0
2020-09-18,BREAD,CH,5,0,5,5,0,0,0,0,0,0,0,0,0,0
2020-09-18,BREAD,CH-Raisin,1,0,1,1,0,0,0,0,0,0,0,0,0,0
2020-09-18,BREAD,9G,0,16,16,11,0,0,5,0,0,0,0,0,0,0
2020-09-18,BREAD,9G-Blue,0,0,0,0,0,0,0,0,0,0,0,0,0,0
2020-09-18,BREAD,CAR,0,0,0,0,0,0,0,0,0,0,0,0,0,0
2020-09-18,BREAD,IHF,0,0,0,0,0,0,0,0,0,0,0,0,0,0
2020-09-18,BREAD,VS BUNS,0,0,0,0,0,0,0,0,0,0,0,0,0,0
2020-09-18,BREAD,GW BUNS,0,0,0,0,0,0,0,0,0,0,0,0,0,0
2020-09-18,BREAD,H-RLS,3,4,7,4,0,1,2,0,0,0,0,0,0,0
2020-09-18,BREAD,FR-RLS,2,6,8,4,0,0,4,0,0,0,0,0,0,0
2020-09-18,BREAD,VS-RLS,4,0,4,4,0,0,0,0,0,0,0,0,0,0
2020-09-18,BREAD,Blue Stru,3,6,9,9,0,0,0,0,0,0,0,0,0,0
2020-09-18,BREAD,Choc Carm,0,8,8,8,0,0,0,0,0,0,0,0,0,0
2020-09-18,BREAD,Pump Choc,4,8,12,11,0,1,0,0,0,0,0,0,0,0
2020-09-18,BREAD,Pump Crumb,0,5,5,4,0,0,1,0,0,0,0,0,0,0
2020-09-18,ROLLS,Cinnamon,0,72,72,53,0,19,0,0,0,0,0,0,0,0
2020-09-18,ROLLS,Mini C-Roll,0,0,0,0,0,0,0,0,0,0,0,0,0,0
2020-09-18,SCONES,Blueberry,0,0,0,0,0,0,0,0,0,0,0,0,0,0
2020-09-18,SCONES,Rasp Cream,0,0,0,0,0,0,0,0,0,0,0,0,0,0
2020-09-18,SCONES,Cherry,0,27,27,12,0,15,0,0,0,0,0,0,0,0
2020-09-18,SCONES,Butt Almond,0,25,25,10,4,11,0,0,0,0,0,0,0,0
2020-09-18,SCONES,Turtle,0,0,0,0,0,0,0,0,0,0,0,0,0,0
2020-09-18,SCONES,Cin Chip,0,0,0,0,0,0,0,0,0,0,0,0,0,0
2020-09-18,FRUIT BARS,Mixed Berry,0,10,10,4,0,6,0,0,0,0,0,0,0,0
2020-09-18,FRUIT BARS,Cherry,0,10,10,8,0,2,0,0,0,0,0,0,0,0
2020-09-18,FRUIT BARS,Apple Cin,0,0,0,0,0,0,0,0,0,0,0,0,0,0
2020-09-18,FRUIT BARS,Straw Rhub,0,0,0,0,0,0,0,0,0,0,0,0,0,0
2020-09-18,MUFFINS,Blue Stru,0,8,8,4,0,4,0,0,0,0,0,0,0,0
2020-09-18,MUFFINS,Choc Carm,0,6,6,2,0,4,0,0,0,0,0,0,0,0
2020-09-18,MUFFINS,Apple Crunch,0,4,4,1,0,3,0,0,0,0,0,0,0,0
2020-09-18,MUFFINS,Pump Choc,0,6,6,6,0,0,0,0,0,0,0,0,0,0
2020-09-18,MUFFINS,Pump Crumb,0,4,4,3,0,1,0,0,0,0,0,0,0,0
2020-09-18,MUFFINS,Cookies,0,0,0,0,0,0,0,0,0,0,0,0,0,0
2020-09-18,MUFFINS,Bars,0,0,0,0,0,0,0,0,0,0,0,0,0,0
2020-09-18,MUFFINS,oatmeal choc,2,48,50,39,3,0,8,0,52,52,0,0,0,0
2020-09-18,MUFFINS,triple choc,0,48,48,35,0,0,13,0,52,52,0,0,0,0
2020-09-18,MUFFINS,snickerdoodle,0,48,48,46,0,0,2,0,52,52,0,0,0,0
2020-09-18,MUFFINS,Autumn Rais,0,36,36,11,0,0,25,0,0,0,0,0,0,0
2020-09-18,MUFFINS,frosted sugar,16,18,34,18,0,0,16,0,0,0,0,0,0,0
2020-09-18,MUFFINS,Cashew Crunch,1,21,22,22,0,0,0,0,0,0,0,0,0,0
2020-09-18,MUFFINS,brownie,4,26,30,22,0,0,8,0,0,0,0,0,0,0
2020-09-18,MUFFINS,Bread Pudding,0,0,0,0,0,0,0,0,0,0,0,0,0,0
2020-09-18,MUFFINS,Totals,23,417,440,296,7,65,72,0,156,156,0,0,0,0
2020-09-19,BREAD,H,22,0,22,22,0,0,0,0,0,0,0,0,0,0
2020-09-19,BREAD,FR,17,0,17,10,0,7,0,0,0,0,0,0,0,0
2020-09-19,BREAD,GW,0,0,0,0,0,0,0,0,0,0,0,0,0,0
2020-09-19,BREAD,DK,10,0,10,1,0,9,0,0,0,0,0,0,0,0
2020-09-19,BREAD,H5|Cran,3,0,3,2,0,1,0,1,0,1,1,0,0,0
2020-09-19,BREAD,CSRWL,3,9,12,11,0,1,0,1,2,3,2,0,0,0
2020-09-19,BREAD,ACW,2,0,2,2,0,0,0,0,0,0,0,0,0,0
2020-09-19,BREAD,ACW SW,0,0,0,0,0,0,0,0,0,0,0,0,0,0
2020-09-19,BREAD,CNE,7,0,7,7,0,0,0,0,0,0,0,0,0,0
2020-09-19,BREAD,CNR,2,0,2,2,0,0,0,0,0,0,0,0,0,0
2020-09-19,BREAD,CNW,1,0,1,-1,0,2,0,0,0,0,0,0,0,0
2020-09-19,BREAD,CG,3,0,3,3,0,0,0,2,0,2,2,0,0,0
2020-09-19,BREAD,pesto CG,3,0,3,3,0,0,0,0,0,0,0,0,0,0
2020-09-19,BREAD,VS,9,0,9,7,0,2,0,0,0,0,0,0,0,0
2020-09-19,BREAD,SOURDOUGH,15,0,15,9,0,6,0,0,0,0,0,0,0,0
2020-09-19,BREAD,RG SOUR,4,0,4,0,0,4,0,0,0,0,0,0,0,0
2020-09-19,BREAD,CH,0,0,0,0,0,0,0,0,0,0,0,0,0,0
2020-09-19,BREAD,CH-Raisin,0,0,0,0,0,0,0,0,0,0,0,0,0,0
2020-09-19,BREAD,9G,5,0,5,5,0,0,0,0,0,0,0,0,0,0
2020-09-19,BREAD,9G-Blue,0,0,0,0,0,0,0,0,0,0,0,0,0,0
2020-09-19,BREAD,CAR,0,17,17,16,1,0,0,0,0,0,0,0,0,0
2020-09-19,BREAD,IHF,0,0,0,0,0,0,0,0,0,0,0,0,0,0
2020-09-19,BREAD,VS BUNS,0,0,0,0,0,0,0,0,0,0,0,0,0,0
2020-09-19,BREAD,GW BUNS,0,0,0,-2,0,2,0,0,0,0,0,0,0,0
2020-09-19,BREAD,H-RLS,2,0,2,2,0,0,0,0,0,0,0,0,0,0
2020-09-19,BREAD,FR-RLS,4,0,4,4,0,0,0,0,0,0,0,0,0,0
2020-09-19,BREAD,VS-RLS,0,0,0,0,0,0,0,0,0,0,0,0,0,0
2020-09-19,BREAD,Blue Stru,0,0,0,-4,0,4,0,0,0,0,0,0,0,0
2020-09-19,BREAD,Choc Carm,0,0,0,-4,0,4,0,0,0,0,0,0,0,0
2020-09-19,BREAD,Pump Choc,0,0,0,-1,0,1,0,0,0,0,0,0,0,0
2020-09-19,BREAD,Pump Crumb,1,0,1,1,0,0,0,0,0,0,0,0,0,0
2020-09-19,ROLLS,Cinnamon,0,240,240,210,4,26,0,0,0,0,0,0,0,0
2020-09-19,ROLLS,Pump C-Roll,0,0,0,0,0,0,0,0,0,0,0,0,0,0
2020-09-19,ROLLS,Mini C-Roll,0,24,24,0,24,0,0,0,0,0,0,0,0,0
2020-09-19,SCONES,Blueberry,0,33,33,24,0,9,0,0,0,0,0,0,0,0
2020-09-19,SCONES,Rasp Cream,0,0,0,0,0,0,0,0,0,0,0,0,0,0
2020-09-19,SCONES,Cherry,0,0,0,0,0,0,0,0,0,0,0,0,0,0
2020-09-19,SCONES,Butt Almond,0,33,33,26,0,7,0,0,0,0,0,0,0,0
2020-09-19,SCONES,Turtle,0,0,0,0,0,0,0,0,0,0,0,0,0,0
2020-09-19,SCONES,Cin Chip,0,0,0,0,0,0,0,0,0,0,0,0,0,0
2020-09-19,FRUIT BARS,Mixed Berry,0,0,0,0,0,0,0,0,0,0,0,0,0,0
2020-09-19,FRUIT BARS,Cherry,0,0,0,0,0,0,0,0,0,0,0,0,0,0
2020-09-19,FRUIT BARS,Apple Cin,0,10,10,9,0,1,0,0,0,0,0,0,0,0
2020-09-19,FRUIT BARS,Straw Rhub,0,10,10,8,0,2,0,0,0,0,0,0,0,0
2020-09-19,MUFFINS,Blue Stru,0,19,19,12,0,7,0,0,0,0,0,0,0,0
2020-09-19,MUFFINS,Choc Carm,0,16,16,11,0,5,0,0,0,0,0,0,0,0
2020-09-19,MUFFINS,Pump Choc,0,18,18,18,0,0,0,0,0,0,0,0,0,0
2020-09-19,MUFFINS,Pump Crumb,0,9,9,8,0,1,0,0,0,0,0,0,0,0
2020-09-19,MUFFINS,Cookies,0,0,0,0,0,0,0,0,0,0,0,0,0,0
2020-09-19,MUFFINS,Bars,0,0,0,0,0,0,0,0,0,0,0,0,0,0
2020-09-19,MUFFINS,oatmeal choc,8,0,8,7,0,1,0,0,0,0,0,0,0,0
2020-09-19,MUFFINS,triple choc,13,0,13,9,4,0,0,0,20,20,0,0,0,0
2020-09-19,MUFFINS,snickerdoodle,2,6,8,8,0,0,0,0,20,20,0,0,0,0
2020-09-19,MUFFINS,Autumn Rais,25,0,25,7,0,18,0,0,20,20,0,0,0,0
2020-09-19,MUFFINS,frosted sugar,16,0,16,0,0,16,0,0,0,0,0,0,0,0
2020-09-19,MUFFINS,Cashew Crunch,0,0,0,-8,0,8,0,0,0,0,0,0,0,0
2020-09-19,MUFFINS,brownie,8,0,8,0,0,8,0,0,0,0,0,0,0,0
2020-09-19,MUFFINS,Bread Pudding,0,0,0,0,0,0,0,0,0,0,0,0,0,0
2020-09-19,MUFFINS,Totals,72,418,490,349,32,109,0,0,60,60,0,0,0,0
2020-09-20,BREAD,H,0,0,0,0,0,0,0,0,0,0,0,0,0,0
2020-09-20,BREAD,FR,0,0,0,0,0,0,0,0,0,0,0,0,0,0
2020-09-20,BREAD,GW,0,0,0,0,0,0,0,0,0,0,0,0,0,0
2020-09-20,BREAD,DK,0,0,0,0,0,0,0,0,0,0,0,0,0,0
2020-09-20,BREAD,H5|Cran,0,0,0,0,0,0,0,0,0,0,0,0,0,0
2020-09-20,BREAD,CSRWL,0,0,0,0,0,0,0,0,0,0,0,0,0,0
2020-09-20,BREAD,ACW,0,0,0,0,0,0,0,0,0,0,0,0,0,0
2020-09-20,BREAD,ACW SW,0,0,0,0,0,0,0,0,0,0,0,0,0,0
2020-09-20,BREAD,CNE,0,0,0,0,0,0,0,0,0,0,0,0,0,0
2020-09-20,BREAD,CNR,0,0,0,0,0,0,0,0,0,0,0,0,0,0
2020-09-20,BREAD,CNW,0,0,0,0,0,0,0,0,0,0,0,0,0,0
2020-09-20,BREAD,CG,0,0,0,0,0,0,0,0,0,0,0,0,0,0
2020-09-20,BREAD,pesto CG,0,0,0,0,0,0,0,0,0,0,0,0,0,0
2020-09-20,BREAD,VS,0,0,0,0,0,0,0,0,0,0,0,0,0,0
2020-09-20,BREAD,SOURDOUGH,0,0,0,0,0,0,0,0,0,0,0,0,0,0
2020-09-20,BREAD,RG SOUR,0,0,0,0,0,0,0,0,0,0,0,0,0,0
2020-09-20,BREAD,CH,0,0,0,0,0,0,0,0,0,0,0,0,0,0
2020-09-20,BREAD,CH-Raisin,0,0,0,0,0,0,0,0,0,0,0,0,0,0
2020-09-20,BREAD,9G,0,0,0,0,0,0,0,0,0,0,0,0,0,0
2020-09-20,BREAD,9G-Blue,0,0,0,0,0,0,0,0,0,0,0,0,0,0
2020-09-20,BREAD,CAR,0,0,0,0,0,0,0,0,0,0,0,0,0,0
2020-09-20,BREAD,IHF,0,0,0,0,0,0,0,0,0,0,0,0,0,0
2020-09-20,BREAD,VS BUNS,0,0,0,0,0,0,0,0,0,0,0,0,0,0
2020-09-20,BREAD,GW BUNS,0,0,0,0,0,0,0,0,0,0,0,0,0,0
2020-09-20,BREAD,H-RLS,0,0,0,0,0,0,0,0,0,0,0,0,0,0
2020-09-20,BREAD,FR-RLS,0,0,0,0,0,0,0,0,0,0,0,0,0,0
2020-09-20,BREAD,VS-RLS,0,0,0,0,0,0,0,0,0,0,0,0,0,0
2020-09-20,BREAD,Blue Stru,0,0,0,0,0,0,0,0,0,0,0,0,0,0
2020-09-20,BREAD,Choc Carm,0,0,0,0,0,0,0,0,0,0,0,0,0,0
2020-09-20,BREAD,Apple CR,0,0,0,0,0,0,0,0,0,0,0,0,0,0
2020-09-20,ROLLS,Cinnamon,0,0,0,0,0,0,0,0,0,0,0,0,0,0
2020-09-20,ROLLS,Mini C-Roll,0,0,0,0,0,0,0,0,0,0,0,0,0,0
2020-09-20,SCONES,Blueberry,0,0,0,0,0,0,0,0,0,0,0,0,0,0
2020-09-20,SCONES,Rasp Cream,0,0,0,0,0,0,0,0,0,0,0,0,0,0
2020-09-20,SCONES,Cherry,0,0,0,0,0,0,0,0,0,0,0,0,0,0
2020-09-20,SCONES,Butt Almond,0,0,0,0,0,0,0,0,0,0,0,0,0,0
2020-09-20,SCONES,Turtle,0,0,0,0,0,0,0,0,0,0,0,0,0,0
2020-09-20,SCONES,Cin Chip,0,0,0,0,0,0,0,0,0,0,0,0,0,0
2020-09-20,FRUIT BARS,Mixed Berry,0,0,0,0,0,0,0,0,0,0,0,0,0,0
2020-09-20,FRUIT BARS,Cherry,0,0,0,0,0,0,0,0,0,0,0,0,0,0
2020-09-20,FRUIT BARS,Apple Cin,0,0,0,0,0,0,0,0,0,0,0,0,0,0
2020-09-20,FRUIT BARS,Straw Rhub,0,0,0,0,0,0,0,0,0,0,0,0,0,0
2020-09-20,MUFFINS,Blue Stru,0,0,0,0,0,0,0,0,0,0,0,0,0,0
2020-09-20,MUFFINS,Choc Carm,0,0,0,0,0,0,0,0,0,0,0,0,0,0
2020-09-20,MUFFINS,Apple Crunch,0,0,0,0,0,0,0,0,0,0,0,0,0,0
2020-09-20,MUFFINS,Cookies,0,0,0,0,0,0,0,0,0,0,0,0,0,0
2020-09-20,MUFFINS,Bars,0,0,0,0,0,0,0,0,0,0,0,0,0,0
2020-09-20,MUFFINS,oatmeal choc,0,0,0,0,0,0,0,0,0,0,0,0,0,0
2020-09-20,MUFFINS,triple choc,0,0,0,0,0,0,0,0,0,0,0,0,0,0
2020-09-20,MUFFINS,snickerdoodle,0,0,0,0,0,0,0,0,0,0,0,0,0,0
2020-09-20,MUFFINS,Autumn Rais,0,0,0,0,0,0,0,0,0,0,0,0,0,0
2020-09-20,MUFFINS,frosted sugar,0,0,0,0,0,0,0,0,0,0,0,0,0,0
2020-09-20,MUFFINS,Cashew Crunch,0,0,0,0,0,0,0,0,0,0,0,0,0,0
2020-09-20,MUFFINS,brownie,0,0,0,0,0,0,0,0,0,0,0,0,0,0
2020-09-20,MUFFINS,Bread Pudding,0,0,0,0,0,0,0,0,0,0,0,0,0,0
2020-09-20,MUFFINS,Totals,0,0,0,0,0,0,0,0,0,0,0,0,0,0
2020-09-21,BREAD,H,0,39,39,23,0,0,16,0,0,0,0,0,0,0
2020-09-21,BREAD,FR,0,28,28,14,0,0,14,0,0,0,0,0,0,0
2020-09-21,BREAD,GW,0,8,8,5,0,0,3,0,0,0,0,0,0,0
2020-09-21,BREAD,DK,0,21,21,13,0,0,8,0,0,0,0,0,0,0
2020-09-21,BREAD,H5|Cran,0,0,0,0,0,0,0,0,0,0,0,0,0,0
2020-09-21,BREAD,CSRWL,0,16,16,14,0,0,2,0,3,3,3,0,0,0
2020-09-21,BREAD,Pump Swrl,0,8,8,8,0,0,0,0,2,2,2,0,0,0
2020-09-21,BREAD,Cin ap,0,0,0,0,0,0,0,0,0,0,0,0,0,0
2020-09-21,BREAD,w,0,0,0,0,0,0,0,0,0,0,0,0,0,0
2020-09-21,BREAD,CNE,0,16,16,7,0,0,9,0,3,3,0,0,0,3
2020-09-21,BREAD,CNR,0,4,4,2,0,0,2,0,0,0,0,0,0,0
2020-09-21,BREAD,CNW,0,4,4,3,0,0,1,0,0,0,0,0,0,0
2020-09-21,BREAD,CG,0,6,6,5,0,0,1,0,2,2,1,0,0,1
2020-09-21,BREAD,pesto CG,0,3,3,3,0,0,0,0,0,0,0,0,0,0
2020-09-21,BREAD,VS,0,0,0,0,0,0,0,0,0,0,0,0,0,0
2020-09-21,BREAD,SOURDOUGH,0,15,15,6,6,0,3,0,0,0,0,0,0,0
2020-09-21,BREAD,RG SOUR,0,4,4,0,0,0,4,0,0,0,0,0,0,0
2020-09-21,BREAD,CAR,0,0,0,0,0,0,0,0,0,0,0,0,0,0
2020-09-21,BREAD,IHF,0,0,0,0,0,0,0,0,0,0,0,0,0,0
2020-09-21,BREAD,GW BUNS,0,0,0,-1,1,0,0,0,0,0,0,0,0,0
2020-09-21,BREAD,H-RLS,0,2,2,2,0,0,0,0,0,0,0,0,0,0
2020-09-21,BREAD,FR-RLS,0,1,1,1,0,0,0,0,0,0,0,0,0,0
2020-09-21,BREAD,VS-RLS,0,0,0,0,0,0,0,0,0,0,0,0,0,0
2020-09-21,BREAD,Blue Stru,0,4,4,2,0,0,2,0,0,0,0,0,0,0
2020-09-21,BREAD,Choc Carm,0,3,3,2,0,0,1,0,0,0,0,0,0,0
2020-09-21,BREAD,Pump Choc,0,4,4,2,0,0,2,0,0,0,0,0,0,0
2020-09-21,BREAD,Pump Crumb,0,3,3,3,0,0,0,0,0,0,0,0,0,0
2020-09-21,ROLLS,Cinnamon,0,36,36,24,0,12,0,0,0,0,0,0,0,0
2020-09-21,ROLLS,Pump C-Roll,0,0,0,0,0,0,0,0,0,0,0,0,0,0
2020-09-21,ROLLS,Mini C-Roll,0,0,0,0,0,0,0,0,0,0,0,0,0,0
2020-09-21,SCONES,Blueberry,0,0,0,0,0,0,0,0,0,0,0,0,0,0
2020-09-21,SCONES,Rasp Cream,0,11,11,9,0,2,0,0,0,0,0,0,0,0
2020-09-21,SCONES,Cherry,0,0,0,0,0,0,0,0,0,0,0,0,0,0
2020-09-21,SCONES,Butt Almond,0,0,0,0,0,0,0,0,0,0,0,0,0,0
2020-09-21,SCONES,Turtle,0,0,0,0,0,0,0,0,0,0,0,0,0,0
2020-09-21,SCONES,Cin Chip,0,11,11,11,0,0,0,0,0,0,0,0,0,0
2020-09-21,FRUIT BARS,Mixed Berry,0,10,10,1,0,9,0,0,0,0,0,0,0,0
2020-09-21,FRUIT BARS,Cherry,0,10,10,2,0,8,0,0,0,0,0,0,0,0
2020-09-21,FRUIT BARS,Apple Cin,0,0,0,0,0,0,0,0,0,0,0,0,0,0
2020-09-21,FRUIT BARS,Straw Rhub,0,0,0,0,0,0,0,0,0,0,0,0,0,0
2020-09-21,MUFFINS,Blue Stru,0,5,5,2,0,3,0,0,0,0,0,0,0,0
2020-09-21,MUFFINS,Choc Carm,0,5,5,3,0,2,0,0,0,0,0,0,0,0
2020-09-21,MUFFINS,Pump Choc,0,6,6,6,0,0,0,0,0,0,0,0,0,0
2020-09-21,MUFFINS,Pump Crumb,0,3,3,2,0,1,0,0,0,0,0,0,0,0
2020-09-21,MUFFINS,Cookies,0,0,0,0,0,0,0,0,0,0,0,0,0,0
2020-09-21,MUFFINS,Bars,0,0,0,0,0,0,0,0,0,0,0,0,0,0
2020-09-21,MUFFINS,oatmeal choc,0,24,24,24,0,0,0,0,0,0,0,0,0,0
2020-09-21,MUFFINS,triple choc,0,24,24,24,0,0,0,0,0,0,0,0,0,0
2020-09-21,MUFFINS,snickerdoodle,0,24,24,13,0,0,11,0,0,0,0,0,0,0
2020-09-21,MUFFINS,Autumn Rais,0,12,12,12,0,0,0,0,0,0,0,0,0,0
2020-09-21,MUFFINS,frosted sugar,0,24,24,15,0,0,9,0,0,0,0,0,0,0
2020-09-21,MUFFINS,Cashew Crunch,0,8,8,4,0,0,4,0,0,0,0,0,0,0
2020-09-21,MUFFINS,brownie,0,8,8,5,0,0,3,0,0,0,0,0,0,0
2020-09-21,MUFFINS,Bread Pudding,3,0,3,3,0,0,0,2,0,2,2,0,0,0
2020-09-21,MUFFINS,Totals,3,221,224,160,0,37,27,2,0,2,2,0,0,0
2020-09-22,BREAD,H,16,27,43,30,1,0,12,0,0,0,0,0,0,0
2020-09-22,BREAD,FR,14,25,39,14,0,0,25,0,0,0,0,0,0,0
2020-09-22,BREAD,GW,3,8,11,4,0,0,7,0,0,0,0,0,0,0
2020-09-22,BREAD,DK,8,0,8,3,0,0,5,0,0,0,0,0,0,0
2020-09-22,BREAD,H5|Cran,0,14,14,2,2,0,10,0,6,6,6,0,0,0
2020-09-22,BREAD,CSRWL,2,13,15,4,0,0,11,0,2,2,1,0,0,1
2020-09-22,BREAD,Pump Swrl,0,12,12,8,0,0,4,0,2,2,1,0,0,1
2020-09-22,BREAD,Cin ap,0,0,0,0,0,0,0,0,0,0,0,0,0,0
2020-09-22,BREAD,w,0,0,0,0,0,0,0,0,0,0,0,0,0,0
2020-09-22,BREAD,CNE,9,0,9,3,0,6,0,3,0,3,0,0,0,0
2020-09-22,BREAD,CNR,2,0,2,2,0,0,0,0,0,0,0,0,0,0
2020-09-22,BREAD,CNW,1,0,1,1,0,0,0,0,0,0,0,0,0,0
2020-09-22,BREAD,CG,1,0,1,1,0,0,0,1,0,1,1,0,0,0
2020-09-22,BREAD,pesto CG,0,0,0,0,0,0,0,0,0,0,0,0,0,0
2020-09-22,BREAD,VS,0,9,9,4,1,0,4,0,4,4,0,0,0,4
2020-09-22,BREAD,SOURDOUGH,3,0,3,3,0,0,0,0,0,0,0,0,0,0
2020-09-22,BREAD,RG SOUR,4,0,4,2,0,2,0,0,0,0,0,0,0,0
2020-09-22,BREAD,CB,0,28,28,7,0,0,21,0,4,4,4,0,0,0
2020-09-22,BREAD,H-mol,0,12,12,12,0,0,0,0,0,0,0,0,0,0
2020-09-22,BREAD,CAR,0,0,0,0,0,0,0,0,0,0,0,0,0,0
2020-09-22,BREAD,IHF,0,0,0,0,0,0,0,0,0,0,0,0,0,0
2020-09-22,BREAD,H-RLS,0,2,2,0,0,0,2,0,0,0,0,0,0,0
2020-09-22,BREAD,FR-RLS,0,3,3,2,0,0,1,0,0,0,0,0,0,0
2020-09-22,BREAD,VS-RLS,0,5,5,0,0,0,5,0,0,0,0,0,0,0
2020-09-22,BREAD,Blue Stru,2,4,6,2,1,1,2,0,0,0,0,0,0,0
2020-09-22,BREAD,Choc Carm,1,3,4,1,0,0,3,0,0,0,0,0,0,0
2020-09-22,BREAD,Pump Choc,2,4,6,4,0,1,1,0,0,0,0,0,0,0
2020-09-22,BREAD,Pump Crumb,0,3,3,1,0,0,2,0,0,0,0,0,0,0
2020-09-22,ROLLS,Cinnamon,0,36,36,24,0,12,0,0,0,0,0,0,0,0
2020-09-22,ROLLS,Pump C-Roll,0,24,24,14,0,10,0,0,0,0,0,0,0,0
2020-09-22,ROLLS,Mini C-Roll,0,0,0,0,0,0,0,0,0,0,0,0,0,0
2020-09-22,SCONES,Blueberry,0,19,19,7,0,12,0,0,0,0,0,0,0,0
2020-09-22,SCONES,Rasp Cream,0,0,0,0,0,0,0,0,0,0,0,0,0,0
2020-09-22,SCONES,Cherry,0,0,0,0,0,0,0,0,0,0,0,0,0,0
2020-09-22,SCONES,Butt Almond,0,0,0,0,0,0,0,0,0,0,0,0,0,0
2020-09-22,SCONES,Turtle,0,0,0,0,0,0,0,0,0,0,0,0,0,0
2020-09-22,SCONES,Cin Chip,0,14,14,8,0,6,0,0,0,0,0,0,0,0
2020-09-22,SCONES,Pump,0,12,12,9,0,3,0,0,0,0,0,0,0,0
2020-09-22,FRUIT BARS,Mixed Berry,0,0,0,0,0,0,0,0,0,0,0,0,0,0
2020-09-22,FRUIT BARS,Cherry,0,0,0,0,0,0,0,0,0,0,0,0,0,0
2020-09-22,FRUIT BARS,Apple Cin,0,10,10,3,0,7,0,0,0,0,0,0,0,0
2020-09-22,FRUIT BARS,Straw Rhub,0,10,10,1,0,9,0,0,0,0,0,0,0,0
2020-09-22,MUFFINS,Blue Stru,0,5,5,3,0,2,0,0,0,0,0,0,0,0
2020-09-22,MUFFINS,Choc Carm,0,4,4,1,0,3,0,0,0,0,0,0,0,0
2020-09-22,MUFFINS,Pump Choc,0,11,11,6,0,5,0,0,0,0,0,0,0,0
2020-09-22,MUFFINS,Pump Crumb,0,4,4,3,0,1,0,0,0,0,0,0,0,0
2020-09-22,MUFFINS,Cookies,0,0,0,0,0,0,0,0,0,0,0,0,0,0
2020-09-22,MUFFINS,Bars,0,0,0,0,0,0,0,0,0,0,0,0,0,0
2020-09-22,MUFFINS,oatmeal choc,0,36,36,5,14,0,17,0,0,0,0,0,0,0
2020-09-22,MUFFINS,triple choc,0,36,36,16,13,0,7,0,0,0,0,0,0,0
2020-09-22,MUFFINS,snickerdoodle,11,24,35,18,13,0,4,0,0,0,0,0,0,0
2020-09-22,MUFFINS,frosted sugar,9,12,21,0,0,4,17,0,0,0,0,0,0,0
2020-09-22,MUFFINS,Cashew Crunch,4,4,8,8,0,0,0,0,0,0,0,0,0,0
2020-09-22,MUFFINS,brownie,3,5,8,5,0,2,1,0,0,0,0,0,0,0
2020-09-22,MUFFINS,Bread Pudding,0,0,0,0,0,0,0,0,0,0,0,0,0,0
2020-09-22,MUFFINS,Totals,27,266,293,131,40,76,46,0,0,0,0,0,0,0
2020-09-23,BREAD,H,12,34,46,24,0,0,22,0,0,0,0,0,0,0
2020-09-23,BREAD,FR,25,0,25,7,0,1,17,0,0,0,0,0,0,0
2020-09-23,BREAD,GW,7,8,15,9,0,0,6,0,0,0,0,0,0,0
2020-09-23,BREAD,DK,5,36,41,17,0,0,24,0,0,0,0,0,0,0
2020-09-23,BREAD,H5|Cran,10,0,10,5,0,0,5,0,0,0,0,0,0,0
2020-09-23,BREAD,CSRWL,11,12,23,12,0,3,8,1,3,4,4,0,0,0
2020-09-23,BREAD,Pump Swrl,4,12,16,12,0,0,4,1,3,4,4,0,0,0
2020-09-23,BREAD,Cin ap,0,6,6,0,0,0,6,0,0,0,0,0,0,0
2020-09-23,BREAD,w,0,6,6,6,0,0,0,0,0,0,0,0,0,0
2020-09-23,BREAD,CNE,0,18,18,6,1,0,11,0,4,4,4,0,0,0
2020-09-23,BREAD,CNR,0,8,8,3,0,0,5,0,0,0,0,0,0,0
2020-09-23,BREAD,CNW,0,8,8,5,0,0,3,0,0,0,0,0,0,0
2020-09-23,BREAD,CG,0,7,7,1,0,0,6,0,3,3,2,0,0,1
2020-09-23,BREAD,pesto CG,0,9,9,4,0,0,5,0,0,0,0,0,0,0
2020-09-23,BREAD,VS,4,0,4,4,0,0,0,4,0,4,3,0,0,0
2020-09-23,BREAD,SOURDOUGH,0,23,23,18,1,0,4,0,0,0,0,0,0,0
2020-09-23,BREAD,RG SOUR,0,6,6,5,0,0,1,0,0,0,0,0,0,0
2020-09-23,BREAD,CB,21,0,21,18,0,3,0,0,0,0,0,0,0,0
2020-09-23,BREAD,CAR,0,0,0,0,0,0,0,0,0,0,0,0,0,0
2020-09-23,BREAD,IHF,0,0,0,0,0,0,0,0,0,0,0,0,0,0
2020-09-23,BREAD,H-RLS,2,2,4,2,0,0,2,0,0,0,0,0,0,0
2020-09-23,BREAD,FR-RLS,1,0,1,0,0,0,1,0,0,0,0,0,0,0
2020-09-23,BREAD,VS-RLS,5,0,5,3,0,2,0,0,0,0,0,0,0,0
2020-09-23,BREAD,Blue Stru,2,5,7,2,0,1,4,0,0,0,0,0,0,0
2020-09-23,BREAD,Choc Carm,3,2,5,3,0,2,0,0,0,0,0,0,0,0
2020-09-23,BREAD,Pump Choc,1,8,9,6,0,1,2,0,0,0,0,0,0,0
2020-09-23,BREAD,Pump Crumb,2,3,5,5,0,0,0,0,0,0,0,0,0,0
2020-09-23,ROLLS,Cinnamon,0,72,72,72,0,0,0,0,0,0,0,0,0,0
2020-09-23,ROLLS,Pump C-Roll,0,36,36,36,0,0,0,0,0,0,0,0,0,0
2020-09-23,ROLLS,Mini C-Roll,0,0,0,0,0,0,0,0,0,0,0,0,0,0
2020-09-23,SCONES,Blueberry,0,0,0,0,0,0,0,0,0,0,0,0,0,0
2020-09-23,SCONES,Rasp Cream,0,26,26,22,4,0,0,0,0,0,0,0,0,0
2020-09-23,SCONES,Cherry,0,0,0,0,0,0,0,0,0,0,0,0,0,0
2020-09-23,SCONES,Butt Almond,0,0,0,0,0,0,0,0,0,0,0,0,0,0
2020-09-23,SCONES,Turtle,0,18,18,18,0,0,0,0,0,0,0,0,0,0
2020-09-23,SCONES,Cin Chip,0,0,0,0,0,0,0,0,0,0,0,0,0,0
2020-09-23,SCONES,Pumpkin,0,18,18,18,0,0,0,0,0,0,0,0,0,0
2020-09-23,FRUIT BARS,Mixed Berry,0,0,0,0,0,0,0,0,0,0,0,0,0,0
2020-09-23,FRUIT BARS,Cherry,0,0,0,0,0,0,0,0,0,0,0,0,0,0
2020-09-23,FRUIT BARS,Apple Cin,0,10,10,6,0,4,0,0,0,0,0,0,0,0
2020-09-23,FRUIT BARS,Straw Rhub,0,10,10,6,2,2,0,0,0,0,0,0,0,0
2020-09-23,MUFFINS,Blue Stru,0,12,12,8,0,4,0,0,0,0,0,0,0,0
2020-09-23,MUFFINS,Choc Carm,0,11,11,9,0,2,0,0,0,0,0,0,0,0
2020-09-23,MUFFINS,Pump Choc,0,12,12,4,0,8,0,0,0,0,0,0,0,0
2020-09-23,MUFFINS,Pump Crumb,0,8,8,8,0,0,0,0,0,0,0,0,0,0
2020-09-23,MUFFINS,Cookies,0,0,0,0,0,0,0,0,0,0,0,0,0,0
2020-09-23,MUFFINS,Bars,0,0,0,0,0,0,0,0,0,0,0,0,0,0
2020-09-23,MUFFINS,oatmeal choc,17,24,41,29,3,6,3,0,0,0,0,0,0,0
2020-09-23,MUFFINS,triple choc,7,42,49,45,4,0,0,0,0,0,0,0,0,0
2020-09-23,MUFFINS,snickerdoodle,4,36,40,24,3,0,13,0,0,0,0,0,0,0
2020-09-23,MUFFINS,frosted sugar,17,18,35,25,0,1,9,0,0,0,0,0,0,0
2020-09-23,MUFFINS,Cashew Crunch,0,16,16,3,0,0,13,0,0,0,0,0,0,0
2020-09-23,MUFFINS,brownie,1,30,31,21,2,0,8,0,0,0,0,0,0,0
2020-09-23,MUFFINS,Bread Pudding,0,0,0,0,0,0,0,0,0,0,0,0,0,0
2020-09-23,MUFFINS,Totals,46,399,445,354,18,27,46,0,0,0,0,0,0,0
2020-09-24,BREAD,H,22,24,46,20,8,0,18,0,0,0,0,0,0,0
2020-09-24,BREAD,FR,17,0,17,-34,32,4,15,0,0,0,0,0,0,0
2020-09-24,BREAD,GW,6,11,17,8,0,0,9,0,0,0,0,0,0,0
2020-09-24,BREAD,DK,24,0,24,3,0,0,21,0,0,0,0,0,0,0
2020-09-24,BREAD,H5|Cran,5,12,17,7,0,0,10,0,8,8,4,0,0,4
2020-09-24,BREAD,CSRWL,8,8,16,10,0,1,5,0,3,3,1,0,0,2
2020-09-24,BREAD,Pump Swrl,4,12,16,7,0,0,9,0,3,3,1,0,0,2
2020-09-24,BREAD,Cin ap,6,0,6,6,0,0,0,0,0,0,0,0,0,0
2020-09-24,BREAD,w,0,0,0,-3,0,3,0,0,0,0,0,0,0,0
2020-09-24,BREAD,CNE,11,0,11,11,0,0,0,0,0,0,0,0,0,0
2020-09-24,BREAD,CNR,5,0,5,4,0,1,0,0,0,0,0,0,0,0
2020-09-24,BREAD,CNW,3,0,3,0,0,0,0,0,0,0,0,0,0,0
2020-09-24,BREAD,CG,6,0,6,2,0,4,0,1,0,1,1,0,0,0
2020-09-24,BREAD,pesto CG,5,0,5,3,0,2,0,0,0,0,0,0,0,0
2020-09-24,BREAD,VS,0,19,19,3,0,0,16,0,3,3,2,0,0,1
2020-09-24,BREAD,SOURDOUGH,4,0,4,4,0,0,0,0,0,0,0,0,0,0
2020-09-24,BREAD,RG SOUR,1,0,1,1,0,0,0,0,0,0,0,0,0,0
2020-09-24,BREAD,CB,0,13,13,5,2,0,6,0,5,5,5,0,0,0
2020-09-24,BREAD,CrO,0,16,16,6,1,0,9,0,4,4,2,0,0,2
2020-09-24,BREAD,CH,0,14,14,4,1,0,9,0,3,3,2,0,0,1
2020-09-24,BREAD,CAR,0,0,0,0,0,0,0,0,0,0,0,0,0,0
2020-09-24,BREAD,IHF,0,0,0,0,0,0,0,0,0,0,0,0,0,0
2020-09-24,BREAD,H-RLS,2,4,6,3,0,0,3,0,0,0,0,0,0,0
2020-09-24,BREAD,FR-RLS,1,0,1,-1,0,0,2,0,0,0,0,0,0,0
2020-09-24,BREAD,VS-RLS,0,6,6,0,0,0,6,0,0,0,0,0,0,0
2020-09-24,BREAD,Blue Stru,4,1,5,1,0,3,1,0,0,0,0,0,0,0
2020-09-24,BREAD,Choc Carm,0,4,4,0,0,0,4,0,0,0,0,0,0,0
2020-09-24,BREAD,Pump Choc,2,4,6,4,0,0,2,0,0,0,0,0,0,0
2020-09-24,BREAD,Pump Crumb,0,3,3,2,0,0,1,0,0,0,0,0,0,0
2020-09-24,ROLLS,Cinnamon,0,48,48,36,0,12,0,0,0,0,0,0,0,0
2020-09-24,ROLLS,Pump C-Roll,0,0,0,-1,0,1,0,0,0,0,0,0,0,0
2020-09-24,ROLLS,Mini C-Roll,0,0,0,0,0,0,0,0,0,0,0,0,0,0
2020-09-24,SCONES,Blueberry,0,14,14,5,0,9,0,0,0,0,0,0,0,0
2020-09-24,SCONES,Rasp Cream,0,0,0,0,0,0,0,0,0,0,0,0,0,0
2020-09-24,SCONES,Cherry,0,0,0,0,0,0,0,0,0,0,0,0,0,0
2020-09-24,SCONES,Butt Almond,0,0,0,0,0,0,0,0,0,0,0,0,0,0
2020-09-24,SCONES,Turtle,0,8,8,8,0,0,0,0,0,0,0,0,0,0
2020-09-24,SCONES,Cin Chip,0,0,0,0,0,0,0,0,0,0,0,0,0,0
2020-09-24,SCONES,Pumpkin,0,12,12,9,0,3,0,0,0,0,0,0,0,0
2020-09-24,FRUIT BARS,Mixed Berry,0,0,0,0,0,0,0,0,0,0,0,0,0,0
2020-09-24,FRUIT BARS,Cherry,0,0,0,0,0,0,0,0,0,0,0,0,0,0
2020-09-24,FRUIT BARS,Apple Cin,0,10,10,6,0,4,0,0,0,0,0,0,0,0
2020-09-24,FRUIT BARS,Straw Rhub,0,10,10,5,0,5,0,0,0,0,0,0,0,0
2020-09-24,MUFFINS,Blue Stru,0,7,7,3,0,4,0,0,0,0,0,0,0,0
2020-09-24,MUFFINS,Choc Carm,0,6,6,5,0,1,0,0,0,0,0,0,0,0
2020-09-24,MUFFINS,Pump Choc,0,8,8,7,0,1,0,0,0,0,0,0,0,0
2020-09-24,MUFFINS,Pump Crumb,0,5,5,3,0,2,0,0,0,0,0,0,0,0
2020-09-24,MUFFINS,Cookies,0,0,0,0,0,0,0,0,0,0,0,0,0,0
2020-09-24,MUFFINS,Bars,0,0,0,0,0,0,0,0,0,0,0,0,0,0
2020-09-24,MUFFINS,oatmeal choc,3,36,39,14,20,0,5,0,0,0,0,0,0,0
2020-09-24,MUFFINS,triple choc,0,42,42,14,20,0,8,0,0,0,0,0,0,0
2020-09-24,MUFFINS,snickerdoodle,13,30,43,14,20,6,3,0,0,0,0,0,0,0
2020-09-24,MUFFINS,frosted sugar,9,18,27,4,0,2,21,0,0,0,0,0,0,0
2020-09-24,MUFFINS,Cashew Crunch,13,0,13,6,0,2,5,0,0,0,0,0,0,0
2020-09-24,MUFFINS,brownie,8,0,8,8,0,0,0,0,0,0,0,0,0,0
2020-09-24,MUFFINS,Bread Pudding,0,0,0,0,0,0,0,0,0,0,0,0,0,0
2020-09-24,MUFFINS,Totals,46,254,300,146,60,52,42,0,0,0,0,0,0,0
2020-09-25,BREAD,H,18,36,54,41,0,0,13,0,0,0,0,0,0,0
2020-09-25,BREAD,FR,15,60,75,32,22,0,21,0,0,0,0,0,0,0
2020-09-25,BREAD,GW,9,0,9,7,1,1,0,0,0,0,0,0,0,0
2020-09-25,BREAD,DK,21,16,37,24,0,0,13,0,0,0,0,0,0,0
2020-09-25,BREAD,H5|Cran,10,0,10,9,0,0,1,4,0,4,3,0,0,1
2020-09-25,BREAD,CSRWL,5,20,25,25,0,0,0,2,3,5,5,0,0,0
2020-09-25,BREAD,Pump Swrl,9,12,21,21,0,0,0,2,2,4,4,0,0,0
2020-09-25,BREAD,Cin ap,0,4,4,3,0,0,1,0,0,0,0,0,0,0
2020-09-25,BREAD,w,0,4,4,3,0,0,1,0,0,0,0,0,0,0
2020-09-25,BREAD,CNE,0,24,24,20,1,0,3,0,5,5,5,0,0,0
2020-09-25,BREAD,CNR,0,8,8,4,0,0,4,0,0,0,0,0,0,0
2020-09-25,BREAD,CNW,0,8,8,2,0,0,6,0,0,0,0,0,0,0
2020-09-25,BREAD,CG,0,13,13,10,0,0,3,0,6,6,6,0,0,0
2020-09-25,BREAD,pesto CG,0,10,10,9,0,0,1,0,0,0,0,0,0,0
2020-09-25,BREAD,VS,16,0,16,12,0,0,4,1,0,1,1,0,0,0
2020-09-25,BREAD,SOURDOUGH,0,17,17,14,1,0,2,0,0,0,0,0,0,0
2020-09-25,BREAD,RG SOUR,0,10,10,4,0,0,6,0,0,0,0,0,0,0
2020-09-25,BREAD,CB,6,0,6,3,0,0,3,0,0,0,0,0,0,0
2020-09-25,BREAD,CrO,9,12,21,15,0,0,6,2,4,6,5,0,0,1
2020-09-25,BREAD,CH,9,0,9,8,0,0,1,1,0,1,0,0,0,1
2020-09-25,BREAD,CAR,0,0,0,0,0,0,0,0,0,0,0,0,0,0
2020-09-25,BREAD,IHF,0,0,0,0,0,0,0,0,0,0,0,0,0,0
2020-09-25,BREAD,GW BUNS,0,0,0,-3,2,0,1,0,0,0,0,0,0,0
2020-09-25,BREAD,H-RLS,3,4,7,2,0,2,3,0,0,0,0,0,0,0
2020-09-25,BREAD,FR-RLS,2,4,6,6,0,0,0,0,0,0,0,0,0,0
2020-09-25,BREAD,VS-RLS,6,0,6,2,0,0,4,0,0,0,0,0,0,0
2020-09-25,BREAD,Blue Stru,1,8,9,6,1,1,1,0,0,0,0,0,0,0
2020-09-25,BREAD,Choc Carm,4,3,7,6,0,0,1,0,0,0,0,0,0,0
2020-09-25,BREAD,Pump Choc,2,8,10,8,0,1,1,0,0,0,0,0,0,0
2020-09-25,BREAD,Pump Crumb,1,6,7,5,0,1,1,0,0,0,0,0,0,0
2020-09-25,ROLLS,Cinnamon,0,72,72,30,24,18,0,0,0,0,0,0,0,0
2020-09-25,ROLLS,Pump C-Roll,0,24,24,8,0,16,0,0,0,0,0,0,0,0
2020-09-25,ROLLS,Mini C-Roll,0,24,24,0,24,0,0,0,0,0,0,0,0,0
2020-09-25,SCONES,Blueberry,0,0,0,0,0,0,0,0,0,0,0,0,0,0
2020-09-25,SCONES,Rasp Cream,0,0,0,0,0,0,0,0,0,0,0,0,0,0
2020-09-25,SCONES,Cherry,0,15,15,11,4,0,0,0,2,2,0,0,0,0
2020-09-25,SCONES,Butt Almond,0,26,26,18,8,0,0,0,2,2,0,0,0,0
2020-09-25,SCONES,Turtle,0,0,0,0,0,0,0,0,0,0,0,0,0,0
2020-09-25,SCONES,Cin Chip,0,0,0,0,0,0,0,0,0,0,0,0,0,0
2020-09-25,SCONES,Pumpkin,0,12,12,10,0,2,0,0,0,0,0,0,0,0
2020-09-25,FRUIT BARS,Mixed Berry,0,10,10,5,1,4,0,0,0,0,0,0,0,0
2020-09-25,FRUIT BARS,Cherry,0,10,10,5,1,4,0,0,0,0,0,0,0,0
2020-09-25,FRUIT BARS,Apple Cin,0,0,0,0,0,0,0,0,0,0,0,0,0,0
2020-09-25,FRUIT BARS,Straw Rhub,0,0,0,0,0,0,0,0,0,0,0,0,0,0
2020-09-25,MUFFINS,Blue Stru,0,7,7,6,0,1,0,0,0,0,0,0,0,0
2020-09-25,MUFFINS,Choc Carm,0,5,5,5,0,0,0,0,1,1,0,0,0,0
2020-09-25,MUFFINS,Pump Choc,0,13,13,8,0,5,0,0,2,2,0,0,0,0
2020-09-25,MUFFINS,Pump Crumb,0,4,4,4,0,0,0,0,2,2,0,0,0,0
2020-09-25,MUFFINS,Cookies,0,0,0,0,0,0,0,0,0,0,0,0,0,0
2020-09-25,MUFFINS,Bars,0,0,0,0,0,0,0,0,0,0,0,0,0,0
2020-09-25,MUFFINS,oatmeal choc,5,48,53,35,4,0,14,0,46,46,0,0,0,0
2020-09-25,MUFFINS,triple choc,8,54,62,25,13,0,24,0,46,46,0,0,0,0
2020-09-25,MUFFINS,snickerdoodle,3,60,63,45,16,0,2,0,46,46,0,0,0,0
2020-09-25,MUFFINS,frosted sugar,21,12,33,13,0,0,20,0,0,0,0,0,0,0
2020-09-25,MUFFINS,Cashew Crunch,5,17,22,22,0,0,0,0,0,0,0,0,0,0
2020-09-25,MUFFINS,brownie,0,34,34,33,0,0,1,0,0,0,0,0,0,0
2020-09-25,MUFFINS,Pumpkin,0,34,34,34,0,0,0,0,0,0,0,0,0,0
2020-09-25,MUFFINS,Bread Pudding,0,0,0,0,0,0,0,0,0,0,0,0,0,0
2020-09-25,MUFFINS,Totals,42,481,523,317,95,50,61,0,147,147,0,0,0,0
2020-09-26,BREAD,H,13,0,13,9,0,4,0,0,0,0,0,0,0,0
2020-09-26,BREAD,FR,21,0,21,10,0,11,0,0,0,0,0,0,0,0
2020-09-26,BREAD,GW,0,3,3,3,0,0,0,0,0,0,0,0,0,0
2020-09-26,BREAD,DK,13,0,13,2,0,11,0,0,0,0,0,0,0,0
2020-09-26,BREAD,H5|Cran,1,0,1,-1,0,2,0,1,0,1,1,0,0,0
2020-09-26,BREAD,CSRWL,0,16,16,10,4,2,0,0,4,4,1,0,0,0
2020-09-26,BREAD,Pump Swrl,0,8,8,7,1,0,0,0,2,2,1,0,0,0
2020-09-26,BREAD,Cin ap,1,0,1,0,0,1,0,0,0,0,0,0,0,0
2020-09-26,BREAD,w,1,0,1,1,0,0,0,0,0,0,0,0,0,0
2020-09-26,BREAD,CNE,3,0,3,1,0,2,0,0,0,0,-3,0,0,0
2020-09-26,BREAD,CNR,4,0,4,-1,0,5,0,0,0,0,0,0,0,0
2020-09-26,BREAD,CNW,6,0,6,3,0,3,0,0,0,0,0,0,0,0
2020-09-26,BREAD,CG,3,0,3,3,0,0,0,0,0,0,0,0,0,0
2020-09-26,BREAD,pesto CG,1,0,1,1,0,0,0,0,0,0,0,0,0,0
2020-09-26,BREAD,VS,4,0,4,4,0,0,0,0,0,0,0,0,0,0
2020-09-26,BREAD,SOURDOUGH,2,0,2,2,0,0,0,0,0,0,0,0,0,0
2020-09-26,BREAD,RG SOUR,6,0,6,5,0,1,0,0,0,0,0,0,0,0
2020-09-26,BREAD,CB,3,0,3,2,0,1,0,0,0,0,0,0,0,0
2020-09-26,BREAD,CrO,6,0,6,0,0,6,0,1,0,1,1,0,0,0
2020-09-26,BREAD,CH,1,0,1,-2,0,3,0,1,0,1,0,0,0,0
2020-09-26,BREAD,CAR,0,0,0,0,0,0,0,0,0,0,0,0,0,0
2020-09-26,BREAD,IHF,0,33,33,33,0,0,0,0,0,0,0,0,0,0
2020-09-26,BREAD,H-RLS,3,0,3,1,0,2,0,0,0,0,0,0,0,0
2020-09-26,BREAD,FR-RLS,0,0,0,-2,0,2,0,0,0,0,0,0,0,0
2020-09-26,BREAD,VS-RLS,4,0,4,4,0,0,0,0,0,0,0,0,0,0
2020-09-26,BREAD,Blue Stru,1,2,3,1,0,2,0,0,0,0,0,0,0,0
2020-09-26,BREAD,Choc Carm,1,2,3,1,0,2,0,0,0,0,0,0,0,0
2020-09-26,BREAD,Pump Choc,1,3,4,1,0,3,0,0,0,0,0,0,0,0
2020-09-26,BREAD,Pump Crumb,1,2,3,2,1,0,0,0,0,0,0,0,0,0
2020-09-26,ROLLS,Cinnamon,0,168,168,155,13,0,0,0,0,0,0,0,0,0
2020-09-26,ROLLS,Pump C-Roll,0,60,60,60,0,0,0,0,0,0,0,0,0,0
2020-09-26,ROLLS,Mini C-Roll,0,0,0,0,0,0,0,0,0,0,0,0,0,0
2020-09-26,SCONES,Blueberry,0,43,43,32,0,11,0,0,0,0,0,0,0,0
2020-09-26,SCONES,Rasp Cream,0,0,0,0,0,0,0,0,0,0,0,0,0,0
2020-09-26,SCONES,Cherry,0,0,0,0,0,0,0,0,0,0,0,0,0,0
2020-09-26,SCONES,Butt Almond,0,30,30,24,0,6,0,0,0,0,0,0,0,0
2020-09-26,SCONES,Turtle,0,0,0,0,0,0,0,0,0,0,0,0,0,0
2020-09-26,SCONES,Cin Chip,0,0,0,0,0,0,0,0,0,0,0,0,0,0
2020-09-26,SCONES,Pumpkin,0,20,20,14,0,6,0,0,0,0,0,0,0,0
2020-09-26,FRUIT BARS,Mixed Berry,0,0,0,0,0,0,0,0,0,0,0,0,0,0
2020-09-26,FRUIT BARS,Cherry,0,0,0,0,0,0,0,0,0,0,0,0,0,0
2020-09-26,FRUIT BARS,Apple Cin,0,10,10,8,0,2,0,0,0,0,0,0,0,0
2020-09-26,FRUIT BARS,Straw Rhub,0,10,10,7,0,3,0,0,0,0,0,0,0,0
2020-09-26,MUFFINS,Blue Stru,0,14,14,6,0,8,0,0,0,0,0,0,0,0
2020-09-26,MUFFINS,Choc Carm,0,10,10,6,0,4,0,0,0,0,0,0,0,0
2020-09-26,MUFFINS,Pump Choc,0,18,18,12,0,6,0,0,0,0,0,0,0,0
2020-09-26,MUFFINS,Pump Crumb,0,10,10,4,0,6,0,0,0,0,0,0,0,0
2020-09-26,MUFFINS,Cookies,0,0,0,0,0,0,0,0,0,0,0,0,0,0
2020-09-26,MUFFINS,Bars,0,0,0,0,0,0,0,0,0,0,0,0,0,0
2020-09-26,MUFFINS,oatmeal choc,14,0,14,13,0,1,0,0,0,0,0,0,0,0
2020-09-26,MUFFINS,triple choc,24,0,24,16,0,8,0,0,0,0,0,0,0,0
2020-09-26,MUFFINS,snickerdoodle,2,6,8,-3,0,11,0,0,0,0,0,0,0,0
2020-09-26,MUFFINS,pump bars,0,13,13,13,0,0,0,0,0,0,0,0,0,0
2020-09-26,MUFFINS,frosted sugar,20,0,20,3,0,17,0,0,0,0,0,0,0,0
2020-09-26,MUFFINS,Cashew Crunch,0,12,12,3,0,9,0,0,0,0,0,0,0,0
2020-09-26,MUFFINS,brownie,1,0,1,0,0,1,0,0,0,0,0,0,0,0
2020-09-26,MUFFINS,Bread Pudding,0,0,0,0,0,0,0,0,0,0,0,0,0,0
2020-09-26,MUFFINS,Totals,61,424,485,373,13,99,0,0,0,0,0,0,0,0
2020-09-27,BREAD,H,0,0,0,0,0,0,0,0,0,0,0,0,0,0
2020-09-27,BREAD,FR,0,0,0,0,0,0,0,0,0,0,0,0,0,0
2020-09-27,BREAD,GW,0,0,0,0,0,0,0,0,0,0,0,0,0,0
2020-09-27,BREAD,DK,0,0,0,0,0,0,0,0,0,0,0,0,0,0
2020-09-27,BREAD,H5|Cran,0,0,0,0,0,0,0,0,0,0,0,0,0,0
2020-09-27,BREAD,CSRWL,0,0,0,0,0,0,0,0,0,0,0,0,0,0
2020-09-27,BREAD,ACW,0,0,0,0,0,0,0,0,0,0,0,0,0,0
2020-09-27,BREAD,ACW SW,0,0,0,0,0,0,0,0,0,0,0,0,0,0
2020-09-27,BREAD,CNE,0,0,0,0,0,0,0,0,0,0,0,0,0,0
2020-09-27,BREAD,CNR,0,0,0,0,0,0,0,0,0,0,0,0,0,0
2020-09-27,BREAD,CNW,0,0,0,0,0,0,0,0,0,0,0,0,0,0
2020-09-27,BREAD,CG,0,0,0,0,0,0,0,0,0,0,0,0,0,0
2020-09-27,BREAD,pesto CG,0,0,0,0,0,0,0,0,0,0,0,0,0,0
2020-09-27,BREAD,VS,0,0,0,0,0,0,0,0,0,0,0,0,0,0
2020-09-27,BREAD,SOURDOUGH,0,0,0,0,0,0,0,0,0,0,0,0,0,0
2020-09-27,BREAD,RG SOUR,0,0,0,0,0,0,0,0,0,0,0,0,0,0
2020-09-27,BREAD,CH,0,0,0,0,0,0,0,0,0,0,0,0,0,0
2020-09-27,BREAD,CH-Raisin,0,0,0,0,0,0,0,0,0,0,0,0,0,0
2020-09-27,BREAD,9G,0,0,0,0,0,0,0,0,0,0,0,0,0,0
2020-09-27,BREAD,9G-Blue,0,0,0,0,0,0,0,0,0,0,0,0,0,0
2020-09-27,BREAD,CAR,0,0,0,0,0,0,0,0,0,0,0,0,0,0
2020-09-27,BREAD,IHF,0,0,0,0,0,0,0,0,0,0,0,0,0,0
2020-09-27,BREAD,VS BUNS,0,0,0,0,0,0,0,0,0,0,0,0,0,0
2020-09-27,BREAD,GW BUNS,0,0,0,0,0,0,0,0,0,0,0,0,0,0
2020-09-27,BREAD,H-RLS,0,0,0,0,0,0,0,0,0,0,0,0,0,0
2020-09-27,BREAD,FR-RLS,0,0,0,0,0,0,0,0,0,0,0,0,0,0
2020-09-27,BREAD,VS-RLS,0,0,0,0,0,0,0,0,0,0,0,0,0,0
2020-09-27,BREAD,Blue Stru,0,0,0,0,0,0,0,0,0,0,0,0,0,0
2020-09-27,BREAD,Choc Carm,0,0,0,0,0,0,0,0,0,0,0,0,0,0
2020-09-27,BREAD,Apple CR,0,0,0,0,0,0,0,0,0,0,0,0,0,0
2020-09-27,ROLLS,Cinnamon,0,0,0,0,0,0,0,0,0,0,0,0,0,0
2020-09-27,ROLLS,Mini C-Roll,0,0,0,0,0,0,0,0,0,0,0,0,0,0
2020-09-27,SCONES,Blueberry,0,0,0,0,0,0,0,0,0,0,0,0,0,0
2020-09-27,SCONES,Rasp Cream,0,0,0,0,0,0,0,0,0,0,0,0,0,0
2020-09-27,SCONES,Cherry,0,0,0,0,0,0,0,0,0,0,0,0,0,0
2020-09-27,SCONES,Butt Almond,0,0,0,0,0,0,0,0,0,0,0,0,0,0
2020-09-27,SCONES,Turtle,0,0,0,0,0,0,0,0,0,0,0,0,0,0
2020-09-27,SCONES,Cin Chip,0,0,0,0,0,0,0,0,0,0,0,0,0,0
2020-09-27,FRUIT BARS,Mixed Berry,0,0,0,0,0,0,0,0,0,0,0,0,0,0
2020-09-27,FRUIT BARS,Cherry,0,0,0,0,0,0,0,0,0,0,0,0,0,0
2020-09-27,FRUIT BARS,Apple Cin,0,0,0,0,0,0,0,0,0,0,0,0,0,0
2020-09-27,FRUIT BARS,Straw Rhub,0,0,0,0,0,0,0,0,0,0,0,0,0,0
2020-09-27,MUFFINS,Blue Stru,0,0,0,0,0,0,0,0,0,0,0,0,0,0
2020-09-27,MUFFINS,Choc Carm,0,0,0,0,0,0,0,0,0,0,0,0,0,0
2020-09-27,MUFFINS,Apple Crunch,0,0,0,0,0,0,0,0,0,0,0,0,0,0
2020-09-27,MUFFINS,Cookies,0,0,0,0,0,0,0,0,0,0,0,0,0,0
2020-09-27,MUFFINS,Bars,0,0,0,0,0,0,0,0,0,0,0,0,0,0
2020-09-27,MUFFINS,oatmeal choc,0,0,0,0,0,0,0,0,0,0,0,0,0,0
2020-09-27,MUFFINS,triple choc,0,0,0,0,0,0,0,0,0,0,0,0,0,0
2020-09-27,MUFFINS,snickerdoodle,0,0,0,0,0,0,0,0,0,0,0,0,0,0
2020-09-27,MUFFINS,Autumn Rais,0,0,0,0,0,0,0,0,0,0,0,0,0,0
2020-09-27,MUFFINS,frosted sugar,0,0,0,0,0,0,0,0,0,0,0,0,0,0
2020-09-27,MUFFINS,Cashew Crunch,0,0,0,0,0,0,0,0,0,0,0,0,0,0
2020-09-27,MUFFINS,brownie,0,0,0,0,0,0,0,0,0,0,0,0,0,0
2020-09-27,MUFFINS,Bread Pudding,0,0,0,0,0,0,0,0,0,0,0,0,0,0
2020-09-27,MUFFINS,Totals,0,0,0,0,0,0,0,0,0,0,0,0,0,0
2020-09-28,BREAD,H,0,70,70,33,30,0,7,0,0,0,0,0,0,0
2020-09-28,BREAD,FR,0,27,27,11,5,0,11,0,0,0,0,0,0,0
2020-09-28,BREAD,GW,0,11,11,4,0,0,7,0,0,0,0,0,0,0
2020-09-28,BREAD,DK,0,21,21,10,0,0,11,0,0,0,0,0,0,0
2020-09-28,BREAD,H5|Cran,0,0,0,0,0,0,0,0,0,0,0,0,0,0
2020-09-28,BREAD,CSRWL,0,16,16,14,0,0,2,0,3,3,0,0,0,3
2020-09-28,BREAD,Pump Swrl,0,8,8,8,0,0,0,0,2,2,2,0,0,0
2020-09-28,BREAD,Cin ap,0,0,0,0,0,0,0,0,0,0,0,0,0,0
2020-09-28,BREAD,w,0,0,0,0,0,0,0,0,0,0,0,0,0,0
2020-09-28,BREAD,CNE,0,10,10,4,0,0,6,0,3,3,1,0,0,2
2020-09-28,BREAD,CNR,0,9,9,0,6,0,3,0,0,0,0,0,0,0
2020-09-28,BREAD,CNW,0,4,4,1,0,0,3,0,0,0,0,0,0,0
2020-09-28,BREAD,CG,0,6,6,4,0,0,2,0,2,2,2,0,0,0
2020-09-28,BREAD,pesto CG,0,3,3,3,0,0,0,0,0,0,0,0,0,0
2020-09-28,BREAD,VS,0,0,0,0,0,0,0,0,0,0,0,0,0,0
2020-09-28,BREAD,SOURDOUGH,0,18,18,5,1,0,12,0,0,0,0,0,0,0
2020-09-28,BREAD,RG SOUR,0,4,4,2,0,0,2,0,0,0,0,0,0,0
2020-09-28,BREAD,CB,0,0,0,0,0,0,0,0,0,0,0,0,0,0
2020-09-28,BREAD,CrO,0,0,0,0,0,0,0,0,0,0,0,0,0,0
2020-09-28,BREAD,CH,0,0,0,0,0,0,0,0,0,0,0,0,0,0
2020-09-28,BREAD,CAR,0,0,0,0,0,0,0,0,0,0,0,0,0,0
2020-09-28,BREAD,IHF,0,0,0,0,0,0,0,0,0,0,0,0,0,0
2020-09-28,BREAD,GW Buns,0,2,2,1,0,0,1,0,0,0,0,0,0,0
2020-09-28,BREAD,H-rls,0,2,2,0,0,0,2,0,0,0,0,0,0,0
2020-09-28,BREAD,fr-rls,0,2,2,2,0,0,0,0,0,0,0,0,0,0
2020-09-28,BREAD,VS-RLS,0,0,0,0,0,0,0,0,0,0,0,0,0,0
2020-09-28,BREAD,Blue Stru,0,4,4,1,0,0,3,0,0,0,0,0,0,0
2020-09-28,BREAD,Choc Carm,0,3,3,1,0,0,2,0,0,0,0,0,0,0
2020-09-28,BREAD,Pump Choc,0,4,4,1,0,0,3,0,0,0,0,0,0,0
2020-09-28,BREAD,Pump Crumb,0,3,3,0,0,0,3,0,0,0,0,0,0,0
2020-09-28,ROLLS,Cinnamon,0,36,36,30,0,6,0,0,0,0,0,0,0,0
2020-09-28,ROLLS,Pump C-Roll,0,0,0,0,0,0,0,0,0,0,0,0,0,0
2020-09-28,ROLLS,Mini C-Roll,0,0,0,0,0,0,0,0,0,0,0,0,0,0
2020-09-28,SCONES,Blueberry,0,0,0,0,0,0,0,0,0,0,0,0,0,0
2020-09-28,SCONES,Rasp Cream,0,11,11,10,0,1,0,0,0,0,0,0,0,0
2020-09-28,SCONES,Cherry,0,0,0,0,0,0,0,0,0,0,0,0,0,0
2020-09-28,SCONES,Butt Almond,0,0,0,0,0,0,0,0,0,0,0,0,0,0
2020-09-28,SCONES,Turtle,0,0,0,0,0,0,0,0,0,0,0,0,0,0
2020-09-28,SCONES,Cin Chip,0,9,9,8,0,1,0,0,0,0,0,0,0,0
2020-09-28,SCONES,Pumpkin,0,8,8,8,0,0,0,0,0,0,0,0,0,0
2020-09-28,FRUIT BARS,Mixed Berry,0,10,10,3,0,7,0,0,0,0,0,0,0,0
2020-09-28,FRUIT BARS,Cherry,0,10,10,3,0,7,0,0,0,0,0,0,0,0
2020-09-28,FRUIT BARS,Apple Cin,0,0,0,0,0,0,0,0,0,0,0,0,0,0
2020-09-28,FRUIT BARS,Straw Rhub,0,0,0,0,0,0,0,0,0,0,0,0,0,0
2020-09-28,MUFFINS,Blue Stru,0,5,5,3,0,2,0,0,0,0,0,0,0,0
2020-09-28,MUFFINS,Choc Carm,0,5,5,4,0,1,0,0,0,0,0,0,0,0
2020-09-28,MUFFINS,Pump Choc,0,6,6,4,0,2,0,0,0,0,0,0,0,0
2020-09-28,MUFFINS,Pump Crumb,0,3,3,2,0,1,0,0,0,0,0,0,0,0
2020-09-28,MUFFINS,Cookies,0,0,0,0,0,0,0,0,0,0,0,0,0,0
2020-09-28,MUFFINS,Bars,0,0,0,0,0,0,0,0,0,0,0,0,0,0
2020-09-28,MUFFINS,oatmeal choc,0,114,114,16,95,0,3,0,0,0,0,0,0,0
2020-09-28,MUFFINS,triple choc,0,114,114,13,95,0,6,0,0,0,0,0,0,0
2020-09-28,MUFFINS,snickerdoodle,0,114,114,19,95,0,0,0,0,0,0,0,0,0
2020-09-28,MUFFINS,frosted sugar,0,18,18,2,0,0,16,0,0,0,0,0,0,0
2020-09-28,MUFFINS,Pumpkin,0,10,10,10,0,0,0,0,0,0,0,0,0,0
2020-09-28,MUFFINS,brownie,0,6,6,6,0,0,0,0,0,0,0,0,0,0
2020-09-28,MUFFINS,Bread Pudding,0,0,0,0,0,0,0,0,0,0,0,0,0,0
2020-09-28,MUFFINS,Totals,0,479,479,141,285,28,25,0,0,0,0,0,0,0
2020-09-29,BREAD,H,7,36,43,23,9,0,11,0,0,0,0,0,0,0
2020-09-29,BREAD,FR,11,35,46,17,20,0,9,0,0,0,0,0,0,0
2020-09-29,BREAD,GW,7,3,10,0,0,2,8,0,0,0,0,0,0,0
2020-09-29,BREAD,DK,11,0,11,6,0,0,5,0,0,0,0,0,0,0
2020-09-29,BREAD,H5|Cran,0,13,13,1,0,0,12,0,8,8,5,0,0,3
2020-09-29,BREAD,CSRWL,2,16,18,11,2,0,5,3,0,3,1,0,0,0
2020-09-29,BREAD,Pump Swrl,0,12,12,9,0,0,3,0,3,3,3,0,0,0
2020-09-29,BREAD,Cin ap,0,0,0,0,0,0,0,0,0,0,0,0,0,0
2020-09-29,BREAD,w,0,0,0,0,0,0,0,0,0,0,0,0,0,0
2020-09-29,BREAD,CNE,6,0,6,6,0,0,0,2,0,2,2,0,0,0
2020-09-29,BREAD,CNR,3,0,3,3,0,0,0,0,0,0,0,0,0,0
2020-09-29,BREAD,CNW,3,0,3,3,0,0,0,0,0,0,0,0,0,0
2020-09-29,BREAD,CG,2,0,2,2,0,0,0,0,0,0,0,0,0,0
2020-09-29,BREAD,pesto CG,0,0,0,0,0,0,0,0,0,0,0,0,0,0
2020-09-29,BREAD,VS,0,12,12,1,0,0,11,0,3,3,3,0,0,0
2020-09-29,BREAD,SOURDOUGH,12,0,12,12,0,0,0,0,0,0,0,0,0,0
2020-09-29,BREAD,RG SOUR,2,0,2,1,0,1,0,0,0,0,0,0,0,0
2020-09-29,BREAD,CB,0,19,19,10,0,0,9,0,6,6,4,0,0,2
2020-09-29,BREAD,CrO,0,16,16,4,0,0,12,0,5,5,4,0,0,1
2020-09-29,BREAD,CH,0,0,0,0,0,0,0,0,0,0,0,0,0,0
2020-09-29,BREAD,CAR,0,18,18,17,1,0,0,0,0,0,0,0,0,0
2020-09-29,BREAD,IHF,0,0,0,0,0,0,0,0,0,0,0,0,0,0
2020-09-29,BREAD,H-RLS,2,0,2,2,0,0,0,0,0,0,0,0,0,0
2020-09-29,BREAD,FR-RLS,0,2,2,1,0,0,1,0,0,0,0,0,0,0
2020-09-29,BREAD,VS-RLS,0,5,5,1,0,0,4,0,0,0,0,0,0,0
2020-09-29,BREAD,Blue Stru,3,2,5,2,0,2,1,0,0,0,0,0,0,0
2020-09-29,BREAD,Choc Carm,2,5,7,3,0,2,2,0,0,0,0,0,0,0
2020-09-29,BREAD,Pump Choc,3,3,6,0,3,1,2,0,0,0,0,0,0,0
2020-09-29,BREAD,Pump Crumb,3,1,4,3,0,1,0,0,0,0,0,0,0,0
2020-09-29,ROLLS,Cinnamon,0,24,24,24,0,0,0,0,0,0,0,0,0,0
2020-09-29,ROLLS,Pump C-Roll,0,12,12,11,0,1,0,0,0,0,0,0,0,0
2020-09-29,ROLLS,Mini C-Roll,0,48,48,0,48,0,0,0,0,0,0,0,0,0
2020-09-29,SCONES,Blueberry,0,14,14,14,0,0,0,0,6,6,0,0,0,0
2020-09-29,SCONES,Rasp Cream,0,0,0,0,0,0,0,0,0,0,0,0,0,0
2020-09-29,SCONES,Cherry,0,0,0,0,0,0,0,0,0,0,0,0,0,0
2020-09-29,SCONES,Butt Almond,0,0,0,0,0,0,0,0,0,0,0,0,0,0
2020-09-29,SCONES,Turtle,0,0,0,0,0,0,0,0,0,0,0,0,0,0
2020-09-29,SCONES,Cin Chip,0,11,11,11,0,0,0,0,6,6,0,0,0,0
2020-09-29,SCONES,Pumpkin,0,12,12,6,0,6,0,0,6,6,0,0,0,0
2020-09-29,FRUIT BARS,Mixed Berry,0,0,0,0,0,0,0,0,0,0,0,0,0,0
2020-09-29,FRUIT BARS,Cherry,0,0,0,0,0,0,0,0,0,0,0,0,0,0
2020-09-29,FRUIT BARS,Apple Cin,0,10,10,5,3,2,0,0,0,0,0,0,0,0
2020-09-29,FRUIT BARS,Straw Rhub,0,10,10,6,4,0,0,0,0,0,0,0,0,0
2020-09-29,MUFFINS,Blue Stru,0,5,5,4,0,1,0,0,8,8,0,0,0,0
2020-09-29,MUFFINS,Choc Carm,0,4,4,3,0,1,0,0,0,0,0,0,0,0
2020-09-29,MUFFINS,Pump Choc,0,5,5,5,0,0,0,0,8,8,0,0,0,0
2020-09-29,MUFFINS,Pump Crumb,0,3,3,1,0,2,0,0,0,0,0,0,0,0
2020-09-29,MUFFINS,Cookies,0,0,0,0,0,0,0,0,0,0,0,0,0,0
2020-09-29,MUFFINS,Bars,0,0,0,0,0,0,0,0,0,0,0,0,0,0
2020-09-29,MUFFINS,oatmeal choc,3,96,99,14,74,0,11,0,0,0,0,0,0,0
2020-09-29,MUFFINS,triple choc,6,96,102,24,74,0,4,0,0,0,0,0,0,0
2020-09-29,MUFFINS,snickerdoodle,0,102,102,9,74,0,19,0,0,0,0,0,0,0
2020-09-29,MUFFINS,frosted sugar,16,6,22,7,0,0,15,0,0,0,0,0,0,0
2020-09-29,MUFFINS,Pumpkin,0,10,10,6,0,0,4,0,0,0,0,0,0,0
2020-09-29,MUFFINS,brownie,0,6,6,4,0,0,2,0,0,0,0,0,0,0
2020-09-29,MUFFINS,Bread Pudding,0,0,0,0,0,0,0,0,0,0,0,0,0,0
2020-09-29,MUFFINS,Totals,25,474,499,154,277,13,55,0,34,34,0,0,0,0
2020-09-30,BREAD,H,11,34,45,25,0,0,20,0,0,0,0,0,0,0
2020-09-30,BREAD,FR,9,18,27,18,0,9,0,0,0,0,0,0,0,0
2020-09-30,BREAD,GW,8,5,13,3,0,8,2,0,0,0,0,0,0,0
2020-09-30,BREAD,DK,5,39,44,11,0,2,31,0,0,0,0,0,0,0
2020-09-30,BREAD,H5|Cran,12,0,12,0,0,0,12,3,0,3,-1,0,0,4
2020-09-30,BREAD,CSRWL,5,16,21,14,0,0,7,0,3,3,1,0,0,2
2020-09-30,BREAD,Pump Swrl,3,12,15,12,0,0,3,0,3,3,2,0,0,1
2020-09-30,BREAD,Cin ap,0,6,6,4,0,0,2,0,0,0,0,0,0,0
2020-09-30,BREAD,w,0,6,6,0,0,0,6,0,0,0,0,0,0,0
2020-09-30,BREAD,CNE,0,18,18,14,3,0,1,0,4,4,2,0,0,2
2020-09-30,BREAD,CNR,0,8,8,4,0,0,4,0,0,0,0,0,0,0
2020-09-30,BREAD,CNW,0,8,8,1,0,0,7,0,0,0,0,0,0,0
2020-09-30,BREAD,CG,0,8,8,7,0,0,1,0,4,4,4,0,0,0
2020-09-30,BREAD,pesto CG,0,9,9,3,1,0,5,0,0,0,0,0,0,0
2020-09-30,BREAD,VS,11,0,11,6,0,5,0,0,0,0,0,0,0,0
2020-09-30,BREAD,SOURDOUGH,0,19,19,15,0,0,4,0,0,0,0,0,0,0
2020-09-30,BREAD,RG SOUR,0,6,6,4,0,0,2,0,0,0,0,0,0,0
2020-09-30,BREAD,CB,9,0,9,3,0,6,0,2,0,2,2,0,0,0
2020-09-30,BREAD,CrO,12,0,12,6,0,6,0,1,0,1,1,0,0,0
2020-09-30,BREAD,CH,0,0,0,0,0,0,0,0,0,0,0,0,0,0
2020-09-30,BREAD,CAR,0,0,0,0,0,0,0,0,0,0,0,0,0,0
2020-09-30,BREAD,IHF,0,0,0,0,0,0,0,0,0,0,0,0,0,0
2020-09-30,BREAD,H-RLS,0,4,4,2,0,0,2,0,0,0,0,0,0,0
2020-09-30,BREAD,FR-RLS,1,6,7,4,0,0,3,0,0,0,0,0,0,0
2020-09-30,BREAD,VS-RLS,4,0,4,3,0,1,0,0,0,0,0,0,0,0
2020-09-30,BREAD,Blue Stru,1,5,6,3,0,1,2,0,0,0,0,0,0,0
2020-09-30,BREAD,Choc Carm,2,4,6,2,0,1,3,0,0,0,0,0,0,0
2020-09-30,BREAD,Pump Choc,2,7,9,1,0,1,7,0,0,0,0,0,0,0
2020-09-30,BREAD,Pump Crumb,0,5,5,3,0,0,2,0,0,0,0,0,0,0
2020-09-30,ROLLS,Cinnamon,0,72,72,68,0,4,0,0,0,0,0,0,0,0
2020-09-30,ROLLS,Pump C-Roll,0,36,36,29,0,7,0,0,0,0,0,0,0,0
2020-09-30,ROLLS,Mini C-Roll,0,0,0,0,0,0,0,0,0,0,0,0,0,0
2020-09-30,SCONES,Blueberry,0,0,0,0,0,0,0,0,0,0,0,0,0,0
2020-09-30,SCONES,Rasp Cream,0,26,26,19,4,3,0,0,0,0,0,0,0,0
2020-09-30,SCONES,Cherry,0,0,0,0,0,0,0,0,0,0,0,0,0,0
2020-09-30,SCONES,Butt Almond,0,0,0,0,0,0,0,0,0,0,0,0,0,0
2020-09-30,SCONES,Turtle,0,18,18,11,0,7,0,0,0,0,0,0,0,0
2020-09-30,SCONES,Cin Chip,0,0,0,0,0,0,0,0,0,0,0,0,0,0
2020-09-30,SCONES,Pumpkin,0,20,20,8,0,12,0,0,0,0,0,0,0,0
2020-09-30,FRUIT BARS,Mixed Berry,0,10,10,6,0,4,0,0,0,0,0,0,0,0
2020-09-30,FRUIT BARS,Cherry,0,10,10,5,0,5,0,0,0,0,0,0,0,0
2020-09-30,FRUIT BARS,Apple Cin,0,0,0,0,0,0,0,0,0,0,0,0,0,0
2020-09-30,FRUIT BARS,Straw Rhub,0,0,0,0,0,0,0,0,0,0,0,0,0,0
2020-09-30,MUFFINS,Blue Stru,0,14,14,5,0,9,0,0,0,0,0,0,0,0
2020-09-30,MUFFINS,Choc Carm,0,13,13,6,0,7,0,0,0,0,0,0,0,0
2020-09-30,MUFFINS,Pump Choc,0,14,14,10,0,4,0,0,0,0,0,0,0,0
2020-09-30,MUFFINS,Pump Crumb,0,8,8,5,0,3,0,0,0,0,0,0,0,0
2020-09-30,MUFFINS,Cookies,0,0,0,0,0,0,0,0,0,0,0,0,0,0
2020-09-30,MUFFINS,Bars,0,0,0,0,0,0,0,0,0,0,0,0,0,0
2020-09-30,MUFFINS,oatmeal choc,11,30,41,38,0,0,3,0,0,0,0,0,0,0
2020-09-30,MUFFINS,triple choc,4,48,52,52,0,0,0,0,0,0,0,0,0,0
2020-09-30,MUFFINS,snickerdoodle,19,18,37,19,0,0,18,0,0,0,0,0,0,0
2020-09-30,MUFFINS,frosted sugar,15,12,27,21,0,0,6,0,0,0,0,0,0,0
2020-09-30,MUFFINS,Pumpkin,4,22,26,25,0,0,1,0,0,0,0,0,0,0
2020-09-30,MUFFINS,brownie,2,24,26,16,0,1,9,0,0,0,0,0,0,0
2020-09-30,MUFFINS,Bread Pudding,0,0,0,0,0,0,0,0,0,0,0,0,0,0
2020-09-30,MUFFINS,Totals,55,395,450,343,4,66,37,0,0,0,0,0,0,0
2020-09-31,BREAD,H,20,0,20,20,0,0,0,0,0,0,0,0,0,0
2020-09-31,BREAD,FR,0,0,0,0,0,0,0,0,0,0,0,0,0,0
2020-09-31,BREAD,GW,2,0,2,2,0,0,0,0,0,0,0,0,0,0
2020-09-31,BREAD,DK,31,0,31,31,0,0,0,0,0,0,0,0,0,0
2020-09-31,BREAD,H5|Cran,12,0,12,12,0,0,0,4,0,4,4,0,0,0
2020-09-31,BREAD,CSRWL,7,0,7,7,0,0,0,2,0,2,2,0,0,0
2020-09-31,BREAD,ACW,3,0,3,3,0,0,0,1,0,1,1,0,0,0
2020-09-31,BREAD,ACW SW,2,0,2,2,0,0,0,6,0,6,6,0,0,0
2020-09-31,BREAD,CNE,1,0,1,1,0,0,0,2,0,2,2,0,0,0
2020-09-31,BREAD,CNR,4,0,4,4,0,0,0,0,0,0,0,0,0,0
2020-09-31,BREAD,CNW,7,0,7,7,0,0,0,0,0,0,0,0,0,0
2020-09-31,BREAD,CG,1,0,1,1,0,0,0,0,0,0,0,0,0,0
2020-09-31,BREAD,pesto CG,5,0,5,5,0,0,0,0,0,0,0,0,0,0
2020-09-31,BREAD,VS,0,0,0,0,0,0,0,0,0,0,0,0,0,0
2020-09-31,BREAD,SOURDOUGH,4,0,4,4,0,0,0,0,0,0,0,0,0,0
2020-09-31,BREAD,RG SOUR,2,0,2,2,0,0,0,0,0,0,0,0,0,0
2020-09-31,BREAD,CH,0,0,0,0,0,0,0,0,0,0,0,0,0,0
2020-09-31,BREAD,CH-Raisin,0,0,0,0,0,0,0,0,0,0,0,0,0,0
2020-09-31,BREAD,9G,0,0,0,0,0,0,0,0,0,0,0,0,0,0
2020-09-31,BREAD,9G-Blue,0,0,0,0,0,0,0,0,0,0,0,0,0,0
2020-09-31,BREAD,CAR,0,0,0,0,0,0,0,0,0,0,0,0,0,0
2020-09-31,BREAD,IHF,0,0,0,0,0,0,0,0,0,0,0,0,0,0
2020-09-31,BREAD,VS BUNS,0,0,0,0,0,0,0,0,0,0,0,0,0,0
2020-09-31,BREAD,GW BUNS,0,0,0,0,0,0,0,0,0,0,0,0,0,0
2020-09-31,BREAD,H-RLS,2,0,2,2,0,0,0,0,0,0,0,0,0,0
2020-09-31,BREAD,FR-RLS,3,0,3,3,0,0,0,0,0,0,0,0,0,0
2020-09-31,BREAD,VS-RLS,0,0,0,0,0,0,0,0,0,0,0,0,0,0
2020-09-31,BREAD,Blue Stru,2,0,2,2,0,0,0,0,0,0,0,0,0,0
2020-09-31,BREAD,Choc Carm,7,0,7,7,0,0,0,0,0,0,0,0,0,0
2020-09-31,BREAD,Apple CR,7,0,7,7,0,0,0,0,0,0,0,0,0,0
2020-09-31,ROLLS,Cinnamon,0,0,0,0,0,0,0,0,0,0,0,0,0,0
2020-09-31,ROLLS,Mini C-Roll,0,0,0,0,0,0,0,0,0,0,0,0,0,0
2020-09-31,SCONES,Blueberry,0,0,0,0,0,0,0,0,0,0,0,0,0,0
2020-09-31,SCONES,Rasp Cream,0,0,0,0,0,0,0,0,0,0,0,0,0,0
2020-09-31,SCONES,Cherry,0,0,0,0,0,0,0,0,0,0,0,0,0,0
2020-09-31,SCONES,Butt Almond,0,0,0,0,0,0,0,0,0,0,0,0,0,0
2020-09-31,SCONES,Turtle,0,0,0,0,0,0,0,0,0,0,0,0,0,0
2020-09-31,SCONES,Cin Chip,0,0,0,0,0,0,0,0,0,0,0,0,0,0
2020-09-31,FRUIT BARS,Mixed Berry,0,0,0,0,0,0,0,0,0,0,0,0,0,0
2020-09-31,FRUIT BARS,Cherry,0,0,0,0,0,0,0,0,0,0,0,0,0,0
2020-09-31,FRUIT BARS,Apple Cin,0,0,0,0,0,0,0,0,0,0,0,0,0,0
2020-09-31,FRUIT BARS,Straw Rhub,0,0,0,0,0,0,0,0,0,0,0,0,0,0
2020-09-31,MUFFINS,Blue Stru,0,0,0,0,0,0,0,0,0,0,0,0,0,0
2020-09-31,MUFFINS,Choc Carm,0,0,0,0,0,0,0,0,0,0,0,0,0,0
2020-09-31,MUFFINS,Apple Crunch,0,0,0,0,0,0,0,0,0,0,0,0,0,0
2020-09-31,MUFFINS,Cookies,0,0,0,0,0,0,0,0,0,0,0,0,0,0
2020-09-31,MUFFINS,Bars,0,0,0,0,0,0,0,0,0,0,0,0,0,0
2020-09-31,MUFFINS,oatmeal choc,3,0,3,3,0,0,0,0,0,0,0,0,0,0
2020-09-31,MUFFINS,triple choc,0,0,0,0,0,0,0,0,0,0,0,0,0,0
2020-09-31,MUFFINS,snickerdoodle,18,0,18,18,0,0,0,0,0,0,0,0,0,0
2020-09-31,MUFFINS,Autumn Rais,0,0,0,0,0,0,0,0,0,0,0,0,0,0
2020-09-31,MUFFINS,frosted sugar,6,0,6,6,0,0,0,0,0,0,0,0,0,0
2020-09-31,MUFFINS,Cashew Crunch,1,0,1,1,0,0,0,0,0,0,0,0,0,0
2020-09-31,MUFFINS,brownie,9,0,9,9,0,0,0,0,0,0,0,0,0,0
2020-09-31,MUFFINS,Bread Pudding,0,0,0,0,0,0,0,0,0,0,0,0,0,0
2020-09-31,MUFFINS,Totals,37,0,37,37,0,0,0,0,0,0,0,0,0,0
